[
  {
    "Id": ["10001"],
    "Question": [
      [0, 4, 7, 2, 6, 1, 3, 8, 5],
      [1, 2, 6, 8, 5, 3, 9, 4, 7],
      [3, 8, 5, 0, 7, 9, 1, 2, 6],
      [0, 0, 4, 1, 2, 7, 6, 0, 8],
      [0, 1, 2, 0, 8, 6, 0, 9, 4],
      [6, 3, 8, 9, 4, 5, 7, 0, 2],
      [2, 6, 3, 5, 9, 8, 4, 7, 1],
      [4, 7, 1, 6, 3, 2, 0, 5, 9],
      [8, 5, 9, 7, 1, 4, 2, 6, 3]
    ],
    "Answer": [
      [9, 4, 7, 2, 6, 1, 3, 8, 5],
      [1, 2, 6, 8, 5, 3, 9, 4, 7],
      [3, 8, 5, 4, 7, 9, 1, 2, 6],
      [5, 9, 4, 1, 2, 7, 6, 3, 8],
      [7, 1, 2, 3, 8, 6, 5, 9, 4],
      [6, 3, 8, 9, 4, 5, 7, 1, 2],
      [2, 6, 3, 5, 9, 8, 4, 7, 1],
      [4, 7, 1, 6, 3, 2, 8, 5, 9],
      [8, 5, 9, 7, 1, 4, 2, 6, 3]
    ],
    "Trial": [0],
    "Level": ["Effortless"],
    "Shot": [0],
    "Model": {},
    "Error": {}
  },
  {
    "Id": ["10002"],
    "Question": [
      [3, 7, 5, 2, 0, 9, 8, 1, 6],
      [9, 2, 4, 0, 0, 6, 5, 7, 3],
      [6, 1, 8, 7, 5, 3, 0, 0, 9],
      [2, 5, 3, 4, 9, 1, 6, 0, 7],
      [1, 4, 0, 8, 6, 7, 3, 5, 2],
      [7, 8, 6, 5, 3, 2, 9, 4, 1],
      [8, 9, 1, 6, 7, 5, 2, 3, 0],
      [4, 3, 2, 9, 1, 0, 7, 6, 5],
      [0, 6, 7, 3, 2, 4, 1, 9, 8]
    ],
    "Answer": [
      [3, 7, 5, 2, 4, 9, 8, 1, 6],
      [9, 2, 4, 1, 8, 6, 5, 7, 3],
      [6, 1, 8, 7, 5, 3, 4, 2, 9],
      [2, 5, 3, 4, 9, 1, 6, 8, 7],
      [1, 4, 9, 8, 6, 7, 3, 5, 2],
      [7, 8, 6, 5, 3, 2, 9, 4, 1],
      [8, 9, 1, 6, 7, 5, 2, 3, 4],
      [4, 3, 2, 9, 1, 8, 7, 6, 5],
      [5, 6, 7, 3, 2, 4, 1, 9, 8]
    ],
    "Trial": [0],
    "Level": ["Effortless"],
    "Shot": [0],
    "Model": {},
    "Error": {}
  },
  {
    "Id": ["10003"],
    "Question": [
      [1, 9, 0, 4, 2, 5, 6, 8, 0],
      [2, 4, 0, 6, 8, 7, 9, 1, 3],
      [8, 6, 7, 9, 1, 3, 4, 2, 5],
      [3, 1, 6, 2, 5, 9, 8, 7, 4],
      [7, 0, 4, 1, 3, 6, 2, 5, 0],
      [5, 2, 9, 8, 0, 4, 1, 3, 6],
      [0, 7, 2, 3, 6, 8, 5, 9, 1],
      [9, 0, 1, 7, 4, 2, 3, 6, 8],
      [0, 3, 8, 5, 0, 1, 7, 4, 2]
    ],
    "Answer": [
      [1, 9, 3, 4, 2, 5, 6, 8, 7],
      [2, 4, 5, 6, 8, 7, 9, 1, 3],
      [8, 6, 7, 9, 1, 3, 4, 2, 5],
      [3, 1, 6, 2, 5, 9, 8, 7, 4],
      [7, 8, 4, 1, 3, 6, 2, 5, 9],
      [5, 2, 9, 8, 7, 4, 1, 3, 6],
      [4, 7, 2, 3, 6, 8, 5, 9, 1],
      [9, 5, 1, 7, 4, 2, 3, 6, 8],
      [6, 3, 8, 5, 9, 1, 7, 4, 2]
    ],
    "Trial": [0],
    "Level": ["Effortless"],
    "Shot": [0],
    "Model": {},
    "Error": {}
  },
  {
    "Id": ["10004"],
    "Question": [
      [2, 5, 0, 3, 8, 9, 4, 6, 0],
      [8, 9, 3, 4, 7, 6, 1, 5, 2],
      [7, 6, 4, 1, 2, 5, 3, 0, 8],
      [5, 3, 8, 7, 9, 4, 2, 1, 0],
      [6, 1, 2, 8, 0, 3, 7, 4, 9],
      [9, 0, 7, 2, 6, 0, 8, 3, 5],
      [4, 2, 0, 5, 1, 8, 9, 7, 0],
      [3, 7, 9, 6, 4, 2, 5, 8, 1],
      [0, 8, 5, 9, 3, 7, 6, 2, 4]
    ],
    "Answer": [
      [2, 5, 1, 3, 8, 9, 4, 6, 7],
      [8, 9, 3, 4, 7, 6, 1, 5, 2],
      [7, 6, 4, 1, 2, 5, 3, 9, 8],
      [5, 3, 8, 7, 9, 4, 2, 1, 6],
      [6, 1, 2, 8, 5, 3, 7, 4, 9],
      [9, 4, 7, 2, 6, 1, 8, 3, 5],
      [4, 2, 6, 5, 1, 8, 9, 7, 3],
      [3, 7, 9, 6, 4, 2, 5, 8, 1],
      [1, 8, 5, 9, 3, 7, 6, 2, 4]
    ],
    "Trial": [0],
    "Level": ["Effortless"],
    "Shot": [0],
    "Model": {},
    "Error": {}
  },
  {
    "Id": ["10005"],
    "Question": [
      [5, 8, 7, 4, 6, 9, 1, 2, 3],
      [1, 2, 3, 8, 5, 7, 6, 4, 9],
      [6, 4, 9, 2, 1, 3, 0, 0, 7],
      [3, 6, 0, 0, 7, 8, 9, 5, 4],
      [7, 1, 8, 5, 9, 4, 3, 6, 2],
      [9, 5, 4, 6, 3, 0, 7, 0, 8],
      [4, 7, 0, 0, 2, 6, 8, 3, 0],
      [2, 9, 6, 3, 0, 1, 4, 7, 5],
      [8, 3, 1, 7, 4, 5, 2, 9, 6]
    ],
    "Answer": [
      [5, 8, 7, 4, 6, 9, 1, 2, 3],
      [1, 2, 3, 8, 5, 7, 6, 4, 9],
      [6, 4, 9, 2, 1, 3, 5, 8, 7],
      [3, 6, 2, 1, 7, 8, 9, 5, 4],
      [7, 1, 8, 5, 9, 4, 3, 6, 2],
      [9, 5, 4, 6, 3, 2, 7, 1, 8],
      [4, 7, 5, 9, 2, 6, 8, 3, 1],
      [2, 9, 6, 3, 8, 1, 4, 7, 5],
      [8, 3, 1, 7, 4, 5, 2, 9, 6]
    ],
    "Trial": [0],
    "Level": ["Effortless"],
    "Shot": [0],
    "Model": {},
    "Error": {}
  },
  {
    "Id": ["10006"],
    "Question": [
      [0, 6, 7, 5, 0, 2, 3, 1, 8],
      [1, 3, 8, 6, 7, 4, 5, 2, 9],
      [2, 0, 9, 0, 8, 1, 6, 4, 7],
      [5, 8, 2, 7, 1, 3, 9, 6, 4],
      [6, 9, 4, 8, 2, 5, 7, 3, 0],
      [3, 7, 1, 9, 4, 0, 8, 5, 2],
      [9, 2, 6, 1, 0, 8, 4, 7, 3],
      [8, 1, 0, 0, 3, 7, 2, 9, 6],
      [7, 4, 3, 2, 6, 0, 1, 8, 5]
    ],
    "Answer": [
      [4, 6, 7, 5, 9, 2, 3, 1, 8],
      [1, 3, 8, 6, 7, 4, 5, 2, 9],
      [2, 5, 9, 3, 8, 1, 6, 4, 7],
      [5, 8, 2, 7, 1, 3, 9, 6, 4],
      [6, 9, 4, 8, 2, 5, 7, 3, 1],
      [3, 7, 1, 9, 4, 6, 8, 5, 2],
      [9, 2, 6, 1, 5, 8, 4, 7, 3],
      [8, 1, 5, 4, 3, 7, 2, 9, 6],
      [7, 4, 3, 2, 6, 9, 1, 8, 5]
    ],
    "Trial": [0],
    "Level": ["Effortless"],
    "Shot": [0],
    "Model": {},
    "Error": {}
  },
  {
    "Id": ["10007"],
    "Question": [
      [9, 8, 1, 4, 7, 3, 2, 0, 6],
      [2, 6, 5, 1, 8, 9, 3, 4, 7],
      [3, 7, 0, 5, 6, 2, 9, 1, 8],
      [6, 5, 9, 3, 1, 8, 0, 2, 4],
      [0, 4, 2, 9, 5, 6, 0, 3, 0],
      [8, 1, 3, 2, 4, 7, 0, 9, 5],
      [1, 3, 7, 6, 2, 4, 5, 8, 9],
      [5, 9, 8, 7, 3, 1, 4, 6, 0],
      [0, 2, 6, 8, 9, 5, 1, 7, 0]
    ],
    "Answer": [
      [9, 8, 1, 4, 7, 3, 2, 5, 6],
      [2, 6, 5, 1, 8, 9, 3, 4, 7],
      [3, 7, 4, 5, 6, 2, 9, 1, 8],
      [6, 5, 9, 3, 1, 8, 7, 2, 4],
      [7, 4, 2, 9, 5, 6, 8, 3, 1],
      [8, 1, 3, 2, 4, 7, 6, 9, 5],
      [1, 3, 7, 6, 2, 4, 5, 8, 9],
      [5, 9, 8, 7, 3, 1, 4, 6, 2],
      [4, 2, 6, 8, 9, 5, 1, 7, 3]
    ],
    "Trial": [0],
    "Level": ["Effortless"],
    "Shot": [0],
    "Model": {},
    "Error": {}
  },
  {
    "Id": ["10008"],
    "Question": [
      [9, 8, 2, 1, 5, 3, 7, 4, 6],
      [5, 0, 3, 0, 4, 6, 0, 9, 2],
      [4, 7, 6, 8, 0, 2, 1, 0, 3],
      [8, 3, 9, 6, 0, 5, 2, 7, 4],
      [1, 0, 5, 2, 7, 4, 3, 8, 9],
      [7, 2, 4, 3, 8, 9, 6, 0, 5],
      [2, 9, 7, 0, 3, 8, 4, 6, 1],
      [6, 4, 1, 0, 2, 7, 5, 3, 8],
      [3, 5, 8, 4, 6, 1, 9, 2, 7]
    ],
    "Answer": [
      [9, 8, 2, 1, 5, 3, 7, 4, 6],
      [5, 1, 3, 7, 4, 6, 8, 9, 2],
      [4, 7, 6, 8, 9, 2, 1, 5, 3],
      [8, 3, 9, 6, 1, 5, 2, 7, 4],
      [1, 6, 5, 2, 7, 4, 3, 8, 9],
      [7, 2, 4, 3, 8, 9, 6, 1, 5],
      [2, 9, 7, 5, 3, 8, 4, 6, 1],
      [6, 4, 1, 9, 2, 7, 5, 3, 8],
      [3, 5, 8, 4, 6, 1, 9, 2, 7]
    ],
    "Trial": [0],
    "Level": ["Effortless"],
    "Shot": [0],
    "Model": {},
    "Error": {}
  },
  {
    "Id": ["10009"],
    "Question": [
      [5, 6, 3, 1, 2, 9, 7, 4, 8],
      [9, 2, 1, 4, 0, 7, 5, 0, 6],
      [0, 0, 4, 3, 6, 5, 9, 1, 0],
      [4, 9, 2, 8, 7, 3, 1, 6, 5],
      [3, 0, 8, 6, 5, 1, 4, 2, 9],
      [1, 5, 0, 0, 9, 4, 3, 8, 7],
      [2, 1, 5, 9, 4, 8, 0, 7, 3],
      [6, 3, 7, 5, 1, 2, 8, 9, 4],
      [8, 4, 9, 0, 3, 6, 2, 5, 1]
    ],
    "Answer": [
      [5, 6, 3, 1, 2, 9, 7, 4, 8],
      [9, 2, 1, 4, 8, 7, 5, 3, 6],
      [7, 8, 4, 3, 6, 5, 9, 1, 2],
      [4, 9, 2, 8, 7, 3, 1, 6, 5],
      [3, 7, 8, 6, 5, 1, 4, 2, 9],
      [1, 5, 6, 2, 9, 4, 3, 8, 7],
      [2, 1, 5, 9, 4, 8, 6, 7, 3],
      [6, 3, 7, 5, 1, 2, 8, 9, 4],
      [8, 4, 9, 7, 3, 6, 2, 5, 1]
    ],
    "Trial": [0],
    "Level": ["Effortless"],
    "Shot": [0],
    "Model": {},
    "Error": {}
  },
  {
    "Id": ["10010"],
    "Question": [
      [8, 1, 9, 3, 7, 5, 6, 4, 0],
      [7, 3, 5, 2, 4, 6, 9, 8, 1],
      [4, 2, 6, 1, 8, 9, 0, 7, 0],
      [3, 6, 7, 9, 2, 4, 8, 0, 5],
      [2, 9, 4, 5, 1, 0, 7, 3, 6],
      [1, 5, 0, 6, 3, 7, 4, 2, 9],
      [9, 8, 2, 7, 0, 1, 3, 6, 4],
      [5, 7, 1, 4, 6, 3, 2, 9, 0],
      [0, 4, 3, 8, 9, 2, 1, 0, 7]
    ],
    "Answer": [
      [8, 1, 9, 3, 7, 5, 6, 4, 2],
      [7, 3, 5, 2, 4, 6, 9, 8, 1],
      [4, 2, 6, 1, 8, 9, 5, 7, 3],
      [3, 6, 7, 9, 2, 4, 8, 1, 5],
      [2, 9, 4, 5, 1, 8, 7, 3, 6],
      [1, 5, 8, 6, 3, 7, 4, 2, 9],
      [9, 8, 2, 7, 5, 1, 3, 6, 4],
      [5, 7, 1, 4, 6, 3, 2, 9, 8],
      [6, 4, 3, 8, 9, 2, 1, 5, 7]
    ],
    "Trial": [0],
    "Level": ["Effortless"],
    "Shot": [0],
    "Model": {},
    "Error": {}
  },
  {
    "Id": ["11001"],
    "Question": [
      [0, 4, 7, 2, 6, 1, 3, 8, 5],
      [1, 2, 6, 8, 5, 3, 9, 4, 7],
      [3, 8, 5, 0, 7, 9, 1, 2, 6],
      [0, 0, 4, 1, 2, 7, 6, 0, 8],
      [0, 1, 2, 0, 8, 6, 0, 9, 4],
      [6, 3, 8, 9, 4, 5, 7, 0, 2],
      [2, 6, 3, 5, 9, 8, 0, 7, 1],
      [4, 7, 1, 6, 3, 2, 0, 5, 9],
      [8, 5, 9, 7, 1, 4, 2, 6, 3]
    ],
    "Answer": [
      [9, 4, 7, 2, 6, 1, 3, 8, 5],
      [1, 2, 6, 8, 5, 3, 9, 4, 7],
      [3, 8, 5, 4, 7, 9, 1, 2, 6],
      [5, 9, 4, 1, 2, 7, 6, 3, 8],
      [7, 1, 2, 3, 8, 6, 5, 9, 4],
      [6, 3, 8, 9, 4, 5, 7, 1, 2],
      [2, 6, 3, 5, 9, 8, 4, 7, 1],
      [4, 7, 1, 6, 3, 2, 8, 5, 9],
      [8, 5, 9, 7, 1, 4, 2, 6, 3]
    ],
    "Trial": [0],
    "Level": ["Effortless"],
    "Shot": [0],
    "Model": {},
    "Error": {}
  },
  {
    "Id": ["11002"],
    "Question": [
      [3, 7, 5, 2, 0, 9, 8, 1, 6],
      [9, 2, 4, 0, 0, 6, 5, 7, 3],
      [6, 1, 8, 7, 5, 3, 0, 0, 9],
      [2, 5, 3, 4, 9, 1, 6, 0, 7],
      [1, 4, 0, 8, 6, 7, 3, 5, 2],
      [7, 8, 6, 5, 3, 2, 9, 4, 1],
      [8, 9, 1, 6, 7, 5, 2, 3, 0],
      [4, 3, 2, 9, 1, 0, 7, 6, 5],
      [0, 6, 7, 3, 0, 4, 1, 9, 8]
    ],
    "Answer": [
      [3, 7, 5, 2, 4, 9, 8, 1, 6],
      [9, 2, 4, 1, 8, 6, 5, 7, 3],
      [6, 1, 8, 7, 5, 3, 4, 2, 9],
      [2, 5, 3, 4, 9, 1, 6, 8, 7],
      [1, 4, 9, 8, 6, 7, 3, 5, 2],
      [7, 8, 6, 5, 3, 2, 9, 4, 1],
      [8, 9, 1, 6, 7, 5, 2, 3, 4],
      [4, 3, 2, 9, 1, 8, 7, 6, 5],
      [5, 6, 7, 3, 2, 4, 1, 9, 8]
    ],
    "Trial": [0],
    "Level": ["Effortless"],
    "Shot": [0],
    "Model": {},
    "Error": {}
  },
  {
    "Id": ["11003"],
    "Question": [
      [1, 9, 0, 4, 2, 5, 6, 8, 0],
      [2, 4, 0, 6, 8, 7, 9, 1, 3],
      [8, 6, 7, 9, 1, 3, 4, 2, 5],
      [3, 1, 6, 2, 5, 9, 8, 7, 4],
      [7, 0, 4, 1, 3, 6, 2, 5, 0],
      [5, 2, 9, 8, 0, 4, 1, 3, 6],
      [0, 7, 2, 3, 6, 8, 0, 9, 1],
      [9, 0, 1, 7, 4, 2, 3, 6, 8],
      [0, 3, 8, 5, 0, 1, 7, 4, 2]
    ],
    "Answer": [
      [1, 9, 3, 4, 2, 5, 6, 8, 7],
      [2, 4, 5, 6, 8, 7, 9, 1, 3],
      [8, 6, 7, 9, 1, 3, 4, 2, 5],
      [3, 1, 6, 2, 5, 9, 8, 7, 4],
      [7, 8, 4, 1, 3, 6, 2, 5, 9],
      [5, 2, 9, 8, 7, 4, 1, 3, 6],
      [4, 7, 2, 3, 6, 8, 5, 9, 1],
      [9, 5, 1, 7, 4, 2, 3, 6, 8],
      [6, 3, 8, 5, 9, 1, 7, 4, 2]
    ],
    "Trial": [0],
    "Level": ["Effortless"],
    "Shot": [0],
    "Model": {},
    "Error": {}
  },
  {
    "Id": ["11004"],
    "Question": [
      [2, 5, 0, 3, 8, 9, 4, 6, 0],
      [8, 9, 3, 4, 7, 6, 1, 5, 2],
      [7, 6, 4, 1, 2, 5, 3, 0, 8],
      [5, 3, 8, 7, 9, 4, 2, 1, 0],
      [0, 1, 2, 8, 0, 3, 7, 4, 9],
      [9, 0, 7, 2, 6, 0, 8, 3, 5],
      [4, 2, 0, 5, 1, 8, 9, 7, 0],
      [3, 7, 9, 6, 4, 2, 5, 8, 1],
      [0, 8, 5, 9, 3, 7, 6, 2, 4]
    ],
    "Answer": [
      [2, 5, 1, 3, 8, 9, 4, 6, 7],
      [8, 9, 3, 4, 7, 6, 1, 5, 2],
      [7, 6, 4, 1, 2, 5, 3, 9, 8],
      [5, 3, 8, 7, 9, 4, 2, 1, 6],
      [6, 1, 2, 8, 5, 3, 7, 4, 9],
      [9, 4, 7, 2, 6, 1, 8, 3, 5],
      [4, 2, 6, 5, 1, 8, 9, 7, 3],
      [3, 7, 9, 6, 4, 2, 5, 8, 1],
      [1, 8, 5, 9, 3, 7, 6, 2, 4]
    ],
    "Trial": [0],
    "Level": ["Effortless"],
    "Shot": [0],
    "Model": {},
    "Error": {}
  },
  {
    "Id": ["11005"],
    "Question": [
      [5, 8, 7, 4, 6, 9, 1, 2, 3],
      [1, 2, 3, 8, 5, 7, 6, 4, 9],
      [6, 4, 9, 2, 1, 3, 0, 0, 0],
      [3, 6, 0, 0, 7, 8, 9, 5, 4],
      [7, 1, 8, 5, 9, 4, 3, 6, 2],
      [9, 5, 4, 6, 3, 0, 7, 0, 8],
      [4, 7, 0, 0, 2, 6, 8, 3, 0],
      [2, 9, 6, 3, 0, 1, 4, 7, 5],
      [8, 3, 1, 7, 4, 5, 2, 9, 6]
    ],
    "Answer": [
      [5, 8, 7, 4, 6, 9, 1, 2, 3],
      [1, 2, 3, 8, 5, 7, 6, 4, 9],
      [6, 4, 9, 2, 1, 3, 5, 8, 7],
      [3, 6, 2, 1, 7, 8, 9, 5, 4],
      [7, 1, 8, 5, 9, 4, 3, 6, 2],
      [9, 5, 4, 6, 3, 2, 7, 1, 8],
      [4, 7, 5, 9, 2, 6, 8, 3, 1],
      [2, 9, 6, 3, 8, 1, 4, 7, 5],
      [8, 3, 1, 7, 4, 5, 2, 9, 6]
    ],
    "Trial": [0],
    "Level": ["Effortless"],
    "Shot": [0],
    "Model": {},
    "Error": {}
  },
  {
    "Id": ["11006"],
    "Question": [
      [0, 6, 7, 5, 0, 2, 3, 1, 8],
      [1, 3, 8, 6, 7, 4, 5, 2, 9],
      [2, 0, 9, 0, 8, 1, 6, 4, 7],
      [5, 8, 2, 7, 1, 3, 9, 6, 4],
      [6, 9, 4, 8, 2, 5, 7, 3, 0],
      [3, 7, 1, 9, 4, 0, 8, 0, 2],
      [9, 2, 6, 1, 0, 8, 4, 7, 3],
      [8, 1, 0, 0, 3, 7, 2, 9, 6],
      [7, 4, 3, 2, 6, 0, 1, 8, 5]
    ],
    "Answer": [
      [4, 6, 7, 5, 9, 2, 3, 1, 8],
      [1, 3, 8, 6, 7, 4, 5, 2, 9],
      [2, 5, 9, 3, 8, 1, 6, 4, 7],
      [5, 8, 2, 7, 1, 3, 9, 6, 4],
      [6, 9, 4, 8, 2, 5, 7, 3, 1],
      [3, 7, 1, 9, 4, 6, 8, 5, 2],
      [9, 2, 6, 1, 5, 8, 4, 7, 3],
      [8, 1, 5, 4, 3, 7, 2, 9, 6],
      [7, 4, 3, 2, 6, 9, 1, 8, 5]
    ],
    "Trial": [0],
    "Level": ["Effortless"],
    "Shot": [0],
    "Model": {},
    "Error": {}
  },
  {
    "Id": ["11007"],
    "Question": [
      [0, 8, 1, 4, 7, 3, 2, 0, 6],
      [2, 6, 5, 1, 8, 9, 3, 4, 7],
      [3, 7, 0, 5, 6, 2, 9, 1, 8],
      [6, 5, 9, 3, 1, 8, 0, 2, 4],
      [0, 4, 2, 9, 5, 6, 0, 3, 0],
      [8, 1, 3, 2, 4, 7, 0, 9, 5],
      [1, 3, 7, 6, 2, 4, 5, 8, 9],
      [5, 9, 8, 7, 3, 1, 4, 6, 0],
      [0, 2, 6, 8, 9, 5, 1, 7, 0]
    ],
    "Answer": [
      [9, 8, 1, 4, 7, 3, 2, 5, 6],
      [2, 6, 5, 1, 8, 9, 3, 4, 7],
      [3, 7, 4, 5, 6, 2, 9, 1, 8],
      [6, 5, 9, 3, 1, 8, 7, 2, 4],
      [7, 4, 2, 9, 5, 6, 8, 3, 1],
      [8, 1, 3, 2, 4, 7, 6, 9, 5],
      [1, 3, 7, 6, 2, 4, 5, 8, 9],
      [5, 9, 8, 7, 3, 1, 4, 6, 2],
      [4, 2, 6, 8, 9, 5, 1, 7, 3]
    ],
    "Trial": [0],
    "Level": ["Effortless"],
    "Shot": [0],
    "Model": {},
    "Error": {}
  },
  {
    "Id": ["11008"],
    "Question": [
      [9, 8, 2, 1, 5, 3, 7, 4, 6],
      [5, 0, 3, 0, 4, 6, 0, 9, 2],
      [4, 7, 6, 8, 0, 2, 1, 0, 3],
      [8, 3, 9, 6, 0, 5, 2, 7, 4],
      [1, 0, 5, 2, 7, 4, 3, 8, 9],
      [7, 2, 4, 3, 8, 9, 6, 0, 5],
      [2, 9, 7, 0, 3, 8, 4, 6, 1],
      [6, 4, 1, 0, 2, 7, 5, 3, 8],
      [3, 5, 8, 0, 6, 1, 9, 2, 7]
    ],
    "Answer": [
      [9, 8, 2, 1, 5, 3, 7, 4, 6],
      [5, 1, 3, 7, 4, 6, 8, 9, 2],
      [4, 7, 6, 8, 9, 2, 1, 5, 3],
      [8, 3, 9, 6, 1, 5, 2, 7, 4],
      [1, 6, 5, 2, 7, 4, 3, 8, 9],
      [7, 2, 4, 3, 8, 9, 6, 1, 5],
      [2, 9, 7, 5, 3, 8, 4, 6, 1],
      [6, 4, 1, 9, 2, 7, 5, 3, 8],
      [3, 5, 8, 4, 6, 1, 9, 2, 7]
    ],
    "Trial": [0],
    "Level": ["Effortless"],
    "Shot": [0],
    "Model": {},
    "Error": {}
  },
  {
    "Id": ["11009"],
    "Question": [
      [5, 6, 3, 1, 2, 9, 7, 4, 8],
      [9, 2, 1, 4, 0, 7, 5, 0, 6],
      [0, 0, 4, 3, 6, 5, 9, 0, 0],
      [4, 9, 2, 8, 7, 3, 1, 6, 5],
      [3, 0, 8, 6, 5, 1, 4, 2, 9],
      [1, 5, 0, 0, 9, 4, 3, 8, 7],
      [2, 1, 5, 9, 4, 8, 0, 7, 3],
      [6, 3, 7, 5, 1, 2, 8, 9, 4],
      [8, 4, 9, 0, 3, 6, 2, 5, 1]
    ],
    "Answer": [
      [5, 6, 3, 1, 2, 9, 7, 4, 8],
      [9, 2, 1, 4, 8, 7, 5, 3, 6],
      [7, 8, 4, 3, 6, 5, 9, 1, 2],
      [4, 9, 2, 8, 7, 3, 1, 6, 5],
      [3, 7, 8, 6, 5, 1, 4, 2, 9],
      [1, 5, 6, 2, 9, 4, 3, 8, 7],
      [2, 1, 5, 9, 4, 8, 6, 7, 3],
      [6, 3, 7, 5, 1, 2, 8, 9, 4],
      [8, 4, 9, 7, 3, 6, 2, 5, 1]
    ],
    "Trial": [0],
    "Level": ["Effortless"],
    "Shot": [0],
    "Model": {},
    "Error": {}
  },
  {
    "Id": ["11010"],
    "Question": [
      [8, 1, 9, 3, 7, 5, 6, 4, 0],
      [7, 3, 5, 2, 4, 6, 9, 8, 1],
      [4, 2, 6, 1, 8, 9, 0, 7, 0],
      [3, 6, 7, 9, 2, 4, 8, 0, 5],
      [2, 9, 4, 5, 1, 0, 7, 3, 6],
      [0, 5, 0, 6, 3, 7, 4, 2, 9],
      [9, 8, 2, 7, 0, 1, 3, 6, 4],
      [5, 7, 1, 4, 6, 3, 2, 9, 0],
      [0, 4, 3, 8, 9, 2, 1, 0, 7]
    ],
    "Answer": [
      [8, 1, 9, 3, 7, 5, 6, 4, 2],
      [7, 3, 5, 2, 4, 6, 9, 8, 1],
      [4, 2, 6, 1, 8, 9, 5, 7, 3],
      [3, 6, 7, 9, 2, 4, 8, 1, 5],
      [2, 9, 4, 5, 1, 8, 7, 3, 6],
      [1, 5, 8, 6, 3, 7, 4, 2, 9],
      [9, 8, 2, 7, 5, 1, 3, 6, 4],
      [5, 7, 1, 4, 6, 3, 2, 9, 8],
      [6, 4, 3, 8, 9, 2, 1, 5, 7]
    ],
    "Trial": [0],
    "Level": ["Effortless"],
    "Shot": [0],
    "Model": {},
    "Error": {}
  },
  {
    "Id": ["12001"],
    "Question": [
      [0, 4, 7, 2, 6, 1, 3, 8, 5],
      [1, 2, 6, 8, 5, 3, 9, 4, 7],
      [3, 8, 5, 0, 7, 9, 1, 2, 6],
      [0, 0, 4, 1, 2, 7, 6, 0, 8],
      [0, 1, 2, 0, 8, 6, 0, 9, 4],
      [0, 3, 8, 9, 4, 5, 7, 0, 2],
      [2, 6, 3, 5, 9, 8, 0, 7, 1],
      [4, 7, 1, 6, 3, 2, 0, 5, 9],
      [8, 5, 9, 7, 1, 4, 2, 6, 3]
    ],
    "Answer": [
      [9, 4, 7, 2, 6, 1, 3, 8, 5],
      [1, 2, 6, 8, 5, 3, 9, 4, 7],
      [3, 8, 5, 4, 7, 9, 1, 2, 6],
      [5, 9, 4, 1, 2, 7, 6, 3, 8],
      [7, 1, 2, 3, 8, 6, 5, 9, 4],
      [6, 3, 8, 9, 4, 5, 7, 1, 2],
      [2, 6, 3, 5, 9, 8, 4, 7, 1],
      [4, 7, 1, 6, 3, 2, 8, 5, 9],
      [8, 5, 9, 7, 1, 4, 2, 6, 3]
    ],
    "Trial": [0],
    "Level": ["Effortless"],
    "Shot": [0],
    "Model": {},
    "Error": {}
  },
  {
    "Id": ["12002"],
    "Question": [
      [3, 7, 0, 2, 0, 9, 8, 1, 6],
      [9, 2, 4, 0, 0, 6, 5, 7, 3],
      [6, 1, 8, 7, 5, 3, 0, 0, 9],
      [2, 5, 3, 4, 9, 1, 6, 0, 7],
      [1, 4, 0, 8, 6, 7, 3, 5, 2],
      [7, 8, 6, 5, 3, 2, 9, 4, 1],
      [8, 9, 1, 6, 7, 5, 2, 3, 0],
      [4, 3, 2, 9, 1, 0, 7, 6, 5],
      [0, 6, 7, 3, 0, 4, 1, 9, 8]
    ],
    "Answer": [
      [3, 7, 5, 2, 4, 9, 8, 1, 6],
      [9, 2, 4, 1, 8, 6, 5, 7, 3],
      [6, 1, 8, 7, 5, 3, 4, 2, 9],
      [2, 5, 3, 4, 9, 1, 6, 8, 7],
      [1, 4, 9, 8, 6, 7, 3, 5, 2],
      [7, 8, 6, 5, 3, 2, 9, 4, 1],
      [8, 9, 1, 6, 7, 5, 2, 3, 4],
      [4, 3, 2, 9, 1, 8, 7, 6, 5],
      [5, 6, 7, 3, 2, 4, 1, 9, 8]
    ],
    "Trial": [0],
    "Level": ["Effortless"],
    "Shot": [0],
    "Model": {},
    "Error": {}
  },
  {
    "Id": ["12003"],
    "Question": [
      [1, 9, 0, 4, 2, 5, 6, 8, 0],
      [2, 4, 0, 6, 8, 7, 9, 1, 3],
      [8, 6, 7, 9, 1, 3, 4, 2, 5],
      [3, 1, 6, 2, 5, 9, 8, 7, 4],
      [7, 0, 4, 1, 3, 6, 2, 0, 0],
      [5, 2, 9, 8, 0, 4, 1, 3, 6],
      [0, 7, 2, 3, 6, 8, 0, 9, 1],
      [9, 0, 1, 7, 4, 2, 3, 6, 8],
      [0, 3, 8, 5, 0, 1, 7, 4, 2]
    ],
    "Answer": [
      [1, 9, 3, 4, 2, 5, 6, 8, 7],
      [2, 4, 5, 6, 8, 7, 9, 1, 3],
      [8, 6, 7, 9, 1, 3, 4, 2, 5],
      [3, 1, 6, 2, 5, 9, 8, 7, 4],
      [7, 8, 4, 1, 3, 6, 2, 5, 9],
      [5, 2, 9, 8, 7, 4, 1, 3, 6],
      [4, 7, 2, 3, 6, 8, 5, 9, 1],
      [9, 5, 1, 7, 4, 2, 3, 6, 8],
      [6, 3, 8, 5, 9, 1, 7, 4, 2]
    ],
    "Trial": [0],
    "Level": ["Effortless"],
    "Shot": [0],
    "Model": {},
    "Error": {}
  },
  {
    "Id": ["12004"],
    "Question": [
      [2, 5, 0, 3, 8, 9, 0, 6, 0],
      [8, 9, 3, 4, 7, 6, 1, 5, 2],
      [7, 6, 4, 1, 2, 5, 3, 0, 8],
      [5, 3, 8, 7, 9, 4, 2, 1, 0],
      [0, 1, 2, 8, 0, 3, 7, 4, 9],
      [9, 0, 7, 2, 6, 0, 8, 3, 5],
      [4, 2, 0, 5, 1, 8, 9, 7, 0],
      [3, 7, 9, 6, 4, 2, 5, 8, 1],
      [0, 8, 5, 9, 3, 7, 6, 2, 4]
    ],
    "Answer": [
      [2, 5, 1, 3, 8, 9, 4, 6, 7],
      [8, 9, 3, 4, 7, 6, 1, 5, 2],
      [7, 6, 4, 1, 2, 5, 3, 9, 8],
      [5, 3, 8, 7, 9, 4, 2, 1, 6],
      [6, 1, 2, 8, 5, 3, 7, 4, 9],
      [9, 4, 7, 2, 6, 1, 8, 3, 5],
      [4, 2, 6, 5, 1, 8, 9, 7, 3],
      [3, 7, 9, 6, 4, 2, 5, 8, 1],
      [1, 8, 5, 9, 3, 7, 6, 2, 4]
    ],
    "Trial": [0],
    "Level": ["Effortless"],
    "Shot": [0],
    "Model": {},
    "Error": {}
  },
  {
    "Id": ["12005"],
    "Question": [
      [5, 8, 7, 4, 6, 9, 1, 2, 3],
      [1, 2, 3, 8, 5, 7, 6, 4, 9],
      [6, 4, 9, 2, 1, 3, 0, 0, 0],
      [3, 6, 0, 0, 7, 8, 9, 5, 4],
      [7, 1, 8, 5, 9, 4, 3, 6, 2],
      [9, 5, 4, 6, 3, 0, 7, 0, 8],
      [4, 7, 0, 0, 2, 6, 8, 3, 0],
      [2, 9, 6, 3, 0, 1, 4, 7, 5],
      [8, 0, 1, 7, 4, 5, 2, 9, 6]
    ],
    "Answer": [
      [5, 8, 7, 4, 6, 9, 1, 2, 3],
      [1, 2, 3, 8, 5, 7, 6, 4, 9],
      [6, 4, 9, 2, 1, 3, 5, 8, 7],
      [3, 6, 2, 1, 7, 8, 9, 5, 4],
      [7, 1, 8, 5, 9, 4, 3, 6, 2],
      [9, 5, 4, 6, 3, 2, 7, 1, 8],
      [4, 7, 5, 9, 2, 6, 8, 3, 1],
      [2, 9, 6, 3, 8, 1, 4, 7, 5],
      [8, 3, 1, 7, 4, 5, 2, 9, 6]
    ],
    "Trial": [0],
    "Level": ["Effortless"],
    "Shot": [0],
    "Model": {},
    "Error": {}
  },
  {
    "Id": ["12006"],
    "Question": [
      [0, 6, 7, 5, 0, 2, 3, 1, 8],
      [1, 3, 8, 6, 7, 4, 5, 2, 9],
      [2, 0, 9, 0, 8, 1, 6, 4, 7],
      [5, 8, 2, 7, 1, 3, 9, 6, 4],
      [6, 9, 4, 8, 2, 5, 7, 3, 0],
      [3, 0, 1, 9, 4, 0, 8, 0, 2],
      [9, 2, 6, 1, 0, 8, 4, 7, 3],
      [8, 1, 0, 0, 3, 7, 2, 9, 6],
      [7, 4, 3, 2, 6, 0, 1, 8, 5]
    ],
    "Answer": [
      [4, 6, 7, 5, 9, 2, 3, 1, 8],
      [1, 3, 8, 6, 7, 4, 5, 2, 9],
      [2, 5, 9, 3, 8, 1, 6, 4, 7],
      [5, 8, 2, 7, 1, 3, 9, 6, 4],
      [6, 9, 4, 8, 2, 5, 7, 3, 1],
      [3, 7, 1, 9, 4, 6, 8, 5, 2],
      [9, 2, 6, 1, 5, 8, 4, 7, 3],
      [8, 1, 5, 4, 3, 7, 2, 9, 6],
      [7, 4, 3, 2, 6, 9, 1, 8, 5]
    ],
    "Trial": [0],
    "Level": ["Effortless"],
    "Shot": [0],
    "Model": {},
    "Error": {}
  },
  {
    "Id": ["12007"],
    "Question": [
      [0, 8, 1, 4, 7, 3, 2, 0, 6],
      [0, 6, 5, 1, 8, 9, 3, 4, 7],
      [3, 7, 0, 5, 6, 2, 9, 1, 8],
      [6, 5, 9, 3, 1, 8, 0, 2, 4],
      [0, 4, 2, 9, 5, 6, 0, 3, 0],
      [8, 1, 3, 2, 4, 7, 0, 9, 5],
      [1, 3, 7, 6, 2, 4, 5, 8, 9],
      [5, 9, 8, 7, 3, 1, 4, 6, 0],
      [0, 2, 6, 8, 9, 5, 1, 7, 0]
    ],
    "Answer": [
      [9, 8, 1, 4, 7, 3, 2, 5, 6],
      [2, 6, 5, 1, 8, 9, 3, 4, 7],
      [3, 7, 4, 5, 6, 2, 9, 1, 8],
      [6, 5, 9, 3, 1, 8, 7, 2, 4],
      [7, 4, 2, 9, 5, 6, 8, 3, 1],
      [8, 1, 3, 2, 4, 7, 6, 9, 5],
      [1, 3, 7, 6, 2, 4, 5, 8, 9],
      [5, 9, 8, 7, 3, 1, 4, 6, 2],
      [4, 2, 6, 8, 9, 5, 1, 7, 3]
    ],
    "Trial": [0],
    "Level": ["Effortless"],
    "Shot": [0],
    "Model": {},
    "Error": {}
  },
  {
    "Id": ["12008"],
    "Question": [
      [9, 8, 2, 1, 5, 3, 7, 4, 6],
      [5, 0, 3, 0, 4, 6, 0, 9, 2],
      [4, 7, 6, 0, 0, 2, 1, 0, 3],
      [8, 3, 9, 6, 0, 5, 2, 7, 4],
      [1, 0, 5, 2, 7, 4, 3, 8, 9],
      [7, 2, 4, 3, 8, 9, 6, 0, 5],
      [2, 9, 7, 0, 3, 8, 4, 6, 1],
      [6, 4, 1, 0, 2, 7, 5, 3, 8],
      [3, 5, 8, 0, 6, 1, 9, 2, 7]
    ],
    "Answer": [
      [9, 8, 2, 1, 5, 3, 7, 4, 6],
      [5, 1, 3, 7, 4, 6, 8, 9, 2],
      [4, 7, 6, 8, 9, 2, 1, 5, 3],
      [8, 3, 9, 6, 1, 5, 2, 7, 4],
      [1, 6, 5, 2, 7, 4, 3, 8, 9],
      [7, 2, 4, 3, 8, 9, 6, 1, 5],
      [2, 9, 7, 5, 3, 8, 4, 6, 1],
      [6, 4, 1, 9, 2, 7, 5, 3, 8],
      [3, 5, 8, 4, 6, 1, 9, 2, 7]
    ],
    "Trial": [0],
    "Level": ["Effortless"],
    "Shot": [0],
    "Model": {},
    "Error": {}
  },
  {
    "Id": ["12009"],
    "Question": [
      [5, 6, 3, 1, 2, 9, 7, 4, 8],
      [9, 2, 1, 4, 0, 7, 5, 0, 6],
      [0, 0, 4, 3, 6, 5, 9, 0, 0],
      [4, 9, 2, 8, 7, 3, 1, 6, 5],
      [3, 0, 8, 6, 5, 1, 4, 2, 9],
      [1, 5, 0, 0, 9, 4, 3, 8, 7],
      [2, 1, 5, 9, 4, 8, 0, 7, 3],
      [6, 3, 7, 5, 1, 2, 8, 0, 4],
      [8, 4, 9, 0, 3, 6, 2, 5, 1]
    ],
    "Answer": [
      [5, 6, 3, 1, 2, 9, 7, 4, 8],
      [9, 2, 1, 4, 8, 7, 5, 3, 6],
      [7, 8, 4, 3, 6, 5, 9, 1, 2],
      [4, 9, 2, 8, 7, 3, 1, 6, 5],
      [3, 7, 8, 6, 5, 1, 4, 2, 9],
      [1, 5, 6, 2, 9, 4, 3, 8, 7],
      [2, 1, 5, 9, 4, 8, 6, 7, 3],
      [6, 3, 7, 5, 1, 2, 8, 9, 4],
      [8, 4, 9, 7, 3, 6, 2, 5, 1]
    ],
    "Trial": [0],
    "Level": ["Effortless"],
    "Shot": [0],
    "Model": {},
    "Error": {}
  },
  {
    "Id": ["12010"],
    "Question": [
      [8, 1, 9, 3, 7, 5, 6, 4, 0],
      [7, 3, 5, 2, 4, 6, 9, 8, 1],
      [4, 2, 6, 1, 8, 9, 0, 7, 0],
      [3, 6, 7, 9, 2, 4, 8, 0, 5],
      [2, 9, 4, 5, 1, 0, 7, 3, 6],
      [0, 5, 0, 6, 3, 0, 4, 2, 9],
      [9, 8, 2, 7, 0, 1, 3, 6, 4],
      [5, 7, 1, 4, 6, 3, 2, 9, 0],
      [0, 4, 3, 8, 9, 2, 1, 0, 7]
    ],
    "Answer": [
      [8, 1, 9, 3, 7, 5, 6, 4, 2],
      [7, 3, 5, 2, 4, 6, 9, 8, 1],
      [4, 2, 6, 1, 8, 9, 5, 7, 3],
      [3, 6, 7, 9, 2, 4, 8, 1, 5],
      [2, 9, 4, 5, 1, 8, 7, 3, 6],
      [1, 5, 8, 6, 3, 7, 4, 2, 9],
      [9, 8, 2, 7, 5, 1, 3, 6, 4],
      [5, 7, 1, 4, 6, 3, 2, 9, 8],
      [6, 4, 3, 8, 9, 2, 1, 5, 7]
    ],
    "Trial": [0],
    "Level": ["Effortless"],
    "Shot": [0],
    "Model": {},
    "Error": {}
  },
  {
    "Id": ["13001"],
    "Question": [
      [0, 4, 7, 2, 6, 1, 3, 8, 5],
      [1, 2, 6, 8, 5, 3, 9, 4, 7],
      [3, 8, 5, 0, 7, 9, 1, 2, 6],
      [0, 0, 4, 1, 2, 7, 6, 0, 8],
      [0, 1, 2, 0, 8, 6, 0, 9, 4],
      [0, 3, 8, 9, 4, 5, 7, 0, 2],
      [2, 6, 3, 5, 9, 8, 0, 7, 1],
      [4, 7, 1, 0, 3, 2, 0, 5, 9],
      [8, 5, 9, 7, 1, 4, 2, 6, 3]
    ],
    "Answer": [
      [9, 4, 7, 2, 6, 1, 3, 8, 5],
      [1, 2, 6, 8, 5, 3, 9, 4, 7],
      [3, 8, 5, 4, 7, 9, 1, 2, 6],
      [5, 9, 4, 1, 2, 7, 6, 3, 8],
      [7, 1, 2, 3, 8, 6, 5, 9, 4],
      [6, 3, 8, 9, 4, 5, 7, 1, 2],
      [2, 6, 3, 5, 9, 8, 4, 7, 1],
      [4, 7, 1, 6, 3, 2, 8, 5, 9],
      [8, 5, 9, 7, 1, 4, 2, 6, 3]
    ],
    "Trial": [0],
    "Level": ["Effortless"],
    "Shot": [0],
    "Model": {},
    "Error": {}
  },
  {
    "Id": ["13002"],
    "Question": [
      [3, 7, 0, 2, 0, 9, 8, 1, 6],
      [9, 2, 4, 0, 0, 6, 5, 7, 3],
      [6, 1, 8, 7, 5, 3, 0, 0, 9],
      [2, 5, 3, 4, 9, 1, 6, 0, 7],
      [1, 0, 0, 8, 6, 7, 3, 5, 2],
      [7, 8, 6, 5, 3, 2, 9, 4, 1],
      [8, 9, 1, 6, 7, 5, 2, 3, 0],
      [4, 3, 2, 9, 1, 0, 7, 6, 5],
      [0, 6, 7, 3, 0, 4, 1, 9, 8]
    ],
    "Answer": [
      [3, 7, 5, 2, 4, 9, 8, 1, 6],
      [9, 2, 4, 1, 8, 6, 5, 7, 3],
      [6, 1, 8, 7, 5, 3, 4, 2, 9],
      [2, 5, 3, 4, 9, 1, 6, 8, 7],
      [1, 4, 9, 8, 6, 7, 3, 5, 2],
      [7, 8, 6, 5, 3, 2, 9, 4, 1],
      [8, 9, 1, 6, 7, 5, 2, 3, 4],
      [4, 3, 2, 9, 1, 8, 7, 6, 5],
      [5, 6, 7, 3, 2, 4, 1, 9, 8]
    ],
    "Trial": [0],
    "Level": ["Effortless"],
    "Shot": [0],
    "Model": {},
    "Error": {}
  },
  {
    "Id": ["13003"],
    "Question": [
      [1, 9, 0, 4, 2, 5, 6, 8, 0],
      [2, 4, 0, 6, 8, 7, 9, 1, 3],
      [8, 6, 7, 9, 1, 3, 4, 2, 5],
      [3, 1, 6, 2, 5, 0, 8, 7, 4],
      [7, 0, 4, 1, 3, 6, 2, 0, 0],
      [5, 2, 9, 8, 0, 4, 1, 3, 6],
      [0, 7, 2, 3, 6, 8, 0, 9, 1],
      [9, 0, 1, 7, 4, 2, 3, 6, 8],
      [0, 3, 8, 5, 0, 1, 7, 4, 2]
    ],
    "Answer": [
      [1, 9, 3, 4, 2, 5, 6, 8, 7],
      [2, 4, 5, 6, 8, 7, 9, 1, 3],
      [8, 6, 7, 9, 1, 3, 4, 2, 5],
      [3, 1, 6, 2, 5, 9, 8, 7, 4],
      [7, 8, 4, 1, 3, 6, 2, 5, 9],
      [5, 2, 9, 8, 7, 4, 1, 3, 6],
      [4, 7, 2, 3, 6, 8, 5, 9, 1],
      [9, 5, 1, 7, 4, 2, 3, 6, 8],
      [6, 3, 8, 5, 9, 1, 7, 4, 2]
    ],
    "Trial": [0],
    "Level": ["Effortless"],
    "Shot": [0],
    "Model": {},
    "Error": {}
  },
  {
    "Id": ["13004"],
    "Question": [
      [2, 5, 0, 3, 8, 9, 0, 6, 0],
      [8, 9, 3, 4, 7, 6, 1, 5, 2],
      [7, 6, 4, 1, 2, 5, 3, 0, 8],
      [5, 3, 8, 7, 9, 4, 2, 1, 0],
      [0, 1, 2, 8, 0, 3, 7, 4, 9],
      [9, 0, 7, 2, 6, 0, 8, 3, 5],
      [4, 2, 0, 5, 1, 8, 9, 7, 0],
      [3, 7, 9, 6, 4, 2, 5, 8, 1],
      [0, 8, 5, 9, 0, 7, 6, 2, 4]
    ],
    "Answer": [
      [2, 5, 1, 3, 8, 9, 4, 6, 7],
      [8, 9, 3, 4, 7, 6, 1, 5, 2],
      [7, 6, 4, 1, 2, 5, 3, 9, 8],
      [5, 3, 8, 7, 9, 4, 2, 1, 6],
      [6, 1, 2, 8, 5, 3, 7, 4, 9],
      [9, 4, 7, 2, 6, 1, 8, 3, 5],
      [4, 2, 6, 5, 1, 8, 9, 7, 3],
      [3, 7, 9, 6, 4, 2, 5, 8, 1],
      [1, 8, 5, 9, 3, 7, 6, 2, 4]
    ],
    "Trial": [0],
    "Level": ["Effortless"],
    "Shot": [0],
    "Model": {},
    "Error": {}
  },
  {
    "Id": ["13005"],
    "Question": [
      [5, 8, 7, 4, 6, 9, 1, 2, 3],
      [1, 0, 3, 8, 5, 7, 6, 4, 9],
      [6, 4, 9, 2, 1, 3, 0, 0, 0],
      [3, 6, 0, 0, 7, 8, 9, 5, 4],
      [7, 1, 8, 5, 9, 4, 3, 6, 2],
      [9, 5, 4, 6, 3, 0, 7, 0, 8],
      [4, 7, 0, 0, 2, 6, 8, 3, 0],
      [2, 9, 6, 3, 0, 1, 4, 7, 5],
      [8, 0, 1, 7, 4, 5, 2, 9, 6]
    ],
    "Answer": [
      [5, 8, 7, 4, 6, 9, 1, 2, 3],
      [1, 2, 3, 8, 5, 7, 6, 4, 9],
      [6, 4, 9, 2, 1, 3, 5, 8, 7],
      [3, 6, 2, 1, 7, 8, 9, 5, 4],
      [7, 1, 8, 5, 9, 4, 3, 6, 2],
      [9, 5, 4, 6, 3, 2, 7, 1, 8],
      [4, 7, 5, 9, 2, 6, 8, 3, 1],
      [2, 9, 6, 3, 8, 1, 4, 7, 5],
      [8, 3, 1, 7, 4, 5, 2, 9, 6]
    ],
    "Trial": [0],
    "Level": ["Effortless"],
    "Shot": [0],
    "Model": {},
    "Error": {}
  },
  {
    "Id": ["13006"],
    "Question": [
      [0, 6, 7, 5, 0, 2, 3, 1, 8],
      [1, 3, 8, 6, 7, 4, 5, 2, 9],
      [2, 0, 9, 0, 8, 1, 6, 4, 7],
      [5, 8, 2, 7, 1, 3, 9, 6, 4],
      [6, 9, 4, 8, 2, 5, 7, 3, 0],
      [3, 0, 1, 9, 4, 0, 8, 0, 2],
      [9, 2, 6, 1, 0, 8, 4, 7, 3],
      [8, 1, 0, 0, 3, 7, 2, 9, 6],
      [7, 4, 3, 0, 6, 0, 1, 8, 5]
    ],
    "Answer": [
      [4, 6, 7, 5, 9, 2, 3, 1, 8],
      [1, 3, 8, 6, 7, 4, 5, 2, 9],
      [2, 5, 9, 3, 8, 1, 6, 4, 7],
      [5, 8, 2, 7, 1, 3, 9, 6, 4],
      [6, 9, 4, 8, 2, 5, 7, 3, 1],
      [3, 7, 1, 9, 4, 6, 8, 5, 2],
      [9, 2, 6, 1, 5, 8, 4, 7, 3],
      [8, 1, 5, 4, 3, 7, 2, 9, 6],
      [7, 4, 3, 2, 6, 9, 1, 8, 5]
    ],
    "Trial": [0],
    "Level": ["Effortless"],
    "Shot": [0],
    "Model": {},
    "Error": {}
  },
  {
    "Id": ["13007"],
    "Question": [
      [0, 8, 1, 4, 7, 3, 2, 0, 6],
      [0, 6, 5, 0, 8, 9, 3, 4, 7],
      [3, 7, 0, 5, 6, 2, 9, 1, 8],
      [6, 5, 9, 3, 1, 8, 0, 2, 4],
      [0, 4, 2, 9, 5, 6, 0, 3, 0],
      [8, 1, 3, 2, 4, 7, 0, 9, 5],
      [1, 3, 7, 6, 2, 4, 5, 8, 9],
      [5, 9, 8, 7, 3, 1, 4, 6, 0],
      [0, 2, 6, 8, 9, 5, 1, 7, 0]
    ],
    "Answer": [
      [9, 8, 1, 4, 7, 3, 2, 5, 6],
      [2, 6, 5, 1, 8, 9, 3, 4, 7],
      [3, 7, 4, 5, 6, 2, 9, 1, 8],
      [6, 5, 9, 3, 1, 8, 7, 2, 4],
      [7, 4, 2, 9, 5, 6, 8, 3, 1],
      [8, 1, 3, 2, 4, 7, 6, 9, 5],
      [1, 3, 7, 6, 2, 4, 5, 8, 9],
      [5, 9, 8, 7, 3, 1, 4, 6, 2],
      [4, 2, 6, 8, 9, 5, 1, 7, 3]
    ],
    "Trial": [0],
    "Level": ["Effortless"],
    "Shot": [0],
    "Model": {},
    "Error": {}
  },
  {
    "Id": ["13008"],
    "Question": [
      [9, 8, 2, 1, 5, 3, 7, 4, 6],
      [5, 0, 3, 0, 4, 6, 0, 9, 2],
      [4, 7, 6, 0, 0, 2, 1, 0, 3],
      [8, 3, 9, 6, 0, 5, 2, 7, 4],
      [1, 0, 5, 2, 7, 4, 3, 8, 9],
      [7, 2, 4, 3, 8, 9, 6, 0, 5],
      [2, 9, 7, 0, 3, 8, 4, 6, 1],
      [6, 4, 1, 0, 2, 7, 5, 3, 8],
      [3, 5, 8, 0, 6, 1, 9, 2, 0]
    ],
    "Answer": [
      [9, 8, 2, 1, 5, 3, 7, 4, 6],
      [5, 1, 3, 7, 4, 6, 8, 9, 2],
      [4, 7, 6, 8, 9, 2, 1, 5, 3],
      [8, 3, 9, 6, 1, 5, 2, 7, 4],
      [1, 6, 5, 2, 7, 4, 3, 8, 9],
      [7, 2, 4, 3, 8, 9, 6, 1, 5],
      [2, 9, 7, 5, 3, 8, 4, 6, 1],
      [6, 4, 1, 9, 2, 7, 5, 3, 8],
      [3, 5, 8, 4, 6, 1, 9, 2, 7]
    ],
    "Trial": [0],
    "Level": ["Effortless"],
    "Shot": [0],
    "Model": {},
    "Error": {}
  },
  {
    "Id": ["13009"],
    "Question": [
      [5, 6, 3, 1, 2, 9, 7, 4, 8],
      [9, 2, 1, 4, 0, 7, 5, 0, 6],
      [0, 0, 4, 3, 6, 5, 9, 0, 0],
      [4, 9, 2, 8, 7, 3, 1, 6, 5],
      [3, 0, 8, 6, 5, 1, 4, 2, 9],
      [1, 5, 0, 0, 9, 4, 3, 8, 7],
      [2, 1, 5, 9, 4, 8, 0, 7, 3],
      [6, 3, 7, 5, 0, 2, 8, 0, 4],
      [8, 4, 9, 0, 3, 6, 2, 5, 1]
    ],
    "Answer": [
      [5, 6, 3, 1, 2, 9, 7, 4, 8],
      [9, 2, 1, 4, 8, 7, 5, 3, 6],
      [7, 8, 4, 3, 6, 5, 9, 1, 2],
      [4, 9, 2, 8, 7, 3, 1, 6, 5],
      [3, 7, 8, 6, 5, 1, 4, 2, 9],
      [1, 5, 6, 2, 9, 4, 3, 8, 7],
      [2, 1, 5, 9, 4, 8, 6, 7, 3],
      [6, 3, 7, 5, 1, 2, 8, 9, 4],
      [8, 4, 9, 7, 3, 6, 2, 5, 1]
    ],
    "Trial": [0],
    "Level": ["Effortless"],
    "Shot": [0],
    "Model": {},
    "Error": {}
  },
  {
    "Id": ["13010"],
    "Question": [
      [8, 1, 9, 3, 7, 5, 6, 4, 0],
      [7, 3, 5, 2, 4, 6, 9, 8, 1],
      [4, 2, 6, 0, 8, 9, 0, 7, 0],
      [3, 6, 7, 9, 2, 4, 8, 0, 5],
      [2, 9, 4, 5, 1, 0, 7, 3, 6],
      [0, 5, 0, 6, 3, 0, 4, 2, 9],
      [9, 8, 2, 7, 0, 1, 3, 6, 4],
      [5, 7, 1, 4, 6, 3, 2, 9, 0],
      [0, 4, 3, 8, 9, 2, 1, 0, 7]
    ],
    "Answer": [
      [8, 1, 9, 3, 7, 5, 6, 4, 2],
      [7, 3, 5, 2, 4, 6, 9, 8, 1],
      [4, 2, 6, 1, 8, 9, 5, 7, 3],
      [3, 6, 7, 9, 2, 4, 8, 1, 5],
      [2, 9, 4, 5, 1, 8, 7, 3, 6],
      [1, 5, 8, 6, 3, 7, 4, 2, 9],
      [9, 8, 2, 7, 5, 1, 3, 6, 4],
      [5, 7, 1, 4, 6, 3, 2, 9, 8],
      [6, 4, 3, 8, 9, 2, 1, 5, 7]
    ],
    "Trial": [0],
    "Level": ["Effortless"],
    "Shot": [0],
    "Model": {},
    "Error": {}
  },
  {
    "Id": ["14001"],
    "Question": [
      [0, 4, 7, 2, 6, 1, 3, 8, 5],
      [1, 2, 6, 8, 5, 3, 9, 4, 7],
      [3, 8, 5, 0, 7, 9, 1, 2, 6],
      [0, 0, 4, 1, 2, 7, 6, 0, 8],
      [0, 1, 2, 0, 8, 6, 0, 9, 4],
      [0, 3, 8, 9, 4, 0, 7, 0, 2],
      [2, 6, 3, 5, 9, 8, 0, 7, 1],
      [4, 7, 1, 0, 3, 2, 0, 5, 9],
      [8, 5, 9, 7, 1, 4, 2, 6, 3]
    ],
    "Answer": [
      [9, 4, 7, 2, 6, 1, 3, 8, 5],
      [1, 2, 6, 8, 5, 3, 9, 4, 7],
      [3, 8, 5, 4, 7, 9, 1, 2, 6],
      [5, 9, 4, 1, 2, 7, 6, 3, 8],
      [7, 1, 2, 3, 8, 6, 5, 9, 4],
      [6, 3, 8, 9, 4, 5, 7, 1, 2],
      [2, 6, 3, 5, 9, 8, 4, 7, 1],
      [4, 7, 1, 6, 3, 2, 8, 5, 9],
      [8, 5, 9, 7, 1, 4, 2, 6, 3]
    ],
    "Trial": [0],
    "Level": ["Effortless"],
    "Shot": [0],
    "Model": {},
    "Error": {}
  },
  {
    "Id": ["14002"],
    "Question": [
      [0, 7, 0, 2, 0, 9, 8, 1, 6],
      [9, 2, 4, 0, 0, 6, 5, 7, 3],
      [6, 1, 8, 7, 5, 3, 0, 0, 9],
      [2, 5, 3, 4, 9, 1, 6, 0, 7],
      [1, 0, 0, 8, 6, 7, 3, 5, 2],
      [7, 8, 6, 5, 3, 2, 9, 4, 1],
      [8, 9, 1, 6, 7, 5, 2, 3, 0],
      [4, 3, 2, 9, 1, 0, 7, 6, 5],
      [0, 6, 7, 3, 0, 4, 1, 9, 8]
    ],
    "Answer": [
      [3, 7, 5, 2, 4, 9, 8, 1, 6],
      [9, 2, 4, 1, 8, 6, 5, 7, 3],
      [6, 1, 8, 7, 5, 3, 4, 2, 9],
      [2, 5, 3, 4, 9, 1, 6, 8, 7],
      [1, 4, 9, 8, 6, 7, 3, 5, 2],
      [7, 8, 6, 5, 3, 2, 9, 4, 1],
      [8, 9, 1, 6, 7, 5, 2, 3, 4],
      [4, 3, 2, 9, 1, 8, 7, 6, 5],
      [5, 6, 7, 3, 2, 4, 1, 9, 8]
    ],
    "Trial": [0],
    "Level": ["Effortless"],
    "Shot": [0],
    "Model": {},
    "Error": {}
  },
  {
    "Id": ["14003"],
    "Question": [
      [1, 9, 0, 4, 2, 5, 6, 8, 0],
      [2, 4, 0, 6, 8, 7, 9, 1, 3],
      [8, 6, 7, 9, 1, 3, 4, 2, 5],
      [3, 1, 6, 2, 5, 0, 8, 7, 4],
      [7, 0, 4, 1, 3, 6, 2, 0, 0],
      [5, 2, 9, 8, 0, 4, 1, 0, 6],
      [0, 7, 2, 3, 6, 8, 0, 9, 1],
      [9, 0, 1, 7, 4, 2, 3, 6, 8],
      [0, 3, 8, 5, 0, 1, 7, 4, 2]
    ],
    "Answer": [
      [1, 9, 3, 4, 2, 5, 6, 8, 7],
      [2, 4, 5, 6, 8, 7, 9, 1, 3],
      [8, 6, 7, 9, 1, 3, 4, 2, 5],
      [3, 1, 6, 2, 5, 9, 8, 7, 4],
      [7, 8, 4, 1, 3, 6, 2, 5, 9],
      [5, 2, 9, 8, 7, 4, 1, 3, 6],
      [4, 7, 2, 3, 6, 8, 5, 9, 1],
      [9, 5, 1, 7, 4, 2, 3, 6, 8],
      [6, 3, 8, 5, 9, 1, 7, 4, 2]
    ],
    "Trial": [0],
    "Level": ["Effortless"],
    "Shot": [0],
    "Model": {},
    "Error": {}
  },
  {
    "Id": ["14004"],
    "Question": [
      [2, 5, 0, 3, 8, 9, 0, 6, 0],
      [8, 9, 3, 4, 7, 6, 1, 5, 2],
      [7, 6, 4, 1, 2, 5, 0, 0, 8],
      [5, 3, 8, 7, 9, 4, 2, 1, 0],
      [0, 1, 2, 8, 0, 3, 7, 4, 9],
      [9, 0, 7, 2, 6, 0, 8, 3, 5],
      [4, 2, 0, 5, 1, 8, 9, 7, 0],
      [3, 7, 9, 6, 4, 2, 5, 8, 1],
      [0, 8, 5, 9, 0, 7, 6, 2, 4]
    ],
    "Answer": [
      [2, 5, 1, 3, 8, 9, 4, 6, 7],
      [8, 9, 3, 4, 7, 6, 1, 5, 2],
      [7, 6, 4, 1, 2, 5, 3, 9, 8],
      [5, 3, 8, 7, 9, 4, 2, 1, 6],
      [6, 1, 2, 8, 5, 3, 7, 4, 9],
      [9, 4, 7, 2, 6, 1, 8, 3, 5],
      [4, 2, 6, 5, 1, 8, 9, 7, 3],
      [3, 7, 9, 6, 4, 2, 5, 8, 1],
      [1, 8, 5, 9, 3, 7, 6, 2, 4]
    ],
    "Trial": [0],
    "Level": ["Effortless"],
    "Shot": [0],
    "Model": {},
    "Error": {}
  },
  {
    "Id": ["14005"],
    "Question": [
      [5, 8, 7, 4, 6, 9, 1, 2, 3],
      [1, 0, 3, 8, 5, 7, 6, 4, 9],
      [6, 4, 9, 2, 1, 3, 0, 0, 0],
      [3, 6, 0, 0, 7, 8, 9, 5, 4],
      [7, 1, 8, 5, 9, 4, 3, 6, 2],
      [9, 5, 4, 6, 3, 0, 7, 0, 8],
      [4, 7, 0, 0, 2, 6, 8, 3, 0],
      [2, 9, 6, 0, 0, 1, 4, 7, 5],
      [8, 0, 1, 7, 4, 5, 2, 9, 6]
    ],
    "Answer": [
      [5, 8, 7, 4, 6, 9, 1, 2, 3],
      [1, 2, 3, 8, 5, 7, 6, 4, 9],
      [6, 4, 9, 2, 1, 3, 5, 8, 7],
      [3, 6, 2, 1, 7, 8, 9, 5, 4],
      [7, 1, 8, 5, 9, 4, 3, 6, 2],
      [9, 5, 4, 6, 3, 2, 7, 1, 8],
      [4, 7, 5, 9, 2, 6, 8, 3, 1],
      [2, 9, 6, 3, 8, 1, 4, 7, 5],
      [8, 3, 1, 7, 4, 5, 2, 9, 6]
    ],
    "Trial": [0],
    "Level": ["Effortless"],
    "Shot": [0],
    "Model": {},
    "Error": {}
  },
  {
    "Id": ["14006"],
    "Question": [
      [0, 6, 7, 5, 0, 2, 3, 1, 8],
      [1, 3, 8, 6, 7, 4, 5, 2, 9],
      [2, 0, 9, 0, 8, 1, 6, 4, 7],
      [5, 8, 2, 7, 1, 3, 9, 6, 4],
      [6, 9, 4, 8, 2, 5, 7, 3, 0],
      [3, 0, 1, 9, 4, 0, 8, 0, 2],
      [9, 2, 6, 0, 0, 8, 4, 7, 3],
      [8, 1, 0, 0, 3, 7, 2, 9, 6],
      [7, 4, 3, 0, 6, 0, 1, 8, 5]
    ],
    "Answer": [
      [4, 6, 7, 5, 9, 2, 3, 1, 8],
      [1, 3, 8, 6, 7, 4, 5, 2, 9],
      [2, 5, 9, 3, 8, 1, 6, 4, 7],
      [5, 8, 2, 7, 1, 3, 9, 6, 4],
      [6, 9, 4, 8, 2, 5, 7, 3, 1],
      [3, 7, 1, 9, 4, 6, 8, 5, 2],
      [9, 2, 6, 1, 5, 8, 4, 7, 3],
      [8, 1, 5, 4, 3, 7, 2, 9, 6],
      [7, 4, 3, 2, 6, 9, 1, 8, 5]
    ],
    "Trial": [0],
    "Level": ["Effortless"],
    "Shot": [0],
    "Model": {},
    "Error": {}
  },
  {
    "Id": ["14007"],
    "Question": [
      [0, 8, 1, 4, 7, 3, 2, 0, 6],
      [0, 6, 5, 0, 8, 9, 3, 4, 7],
      [3, 7, 0, 5, 6, 2, 9, 1, 8],
      [6, 5, 9, 3, 1, 8, 0, 2, 4],
      [0, 4, 0, 9, 5, 6, 0, 3, 0],
      [8, 1, 3, 2, 4, 7, 0, 9, 5],
      [1, 3, 7, 6, 2, 4, 5, 8, 9],
      [5, 9, 8, 7, 3, 1, 4, 6, 0],
      [0, 2, 6, 8, 9, 5, 1, 7, 0]
    ],
    "Answer": [
      [9, 8, 1, 4, 7, 3, 2, 5, 6],
      [2, 6, 5, 1, 8, 9, 3, 4, 7],
      [3, 7, 4, 5, 6, 2, 9, 1, 8],
      [6, 5, 9, 3, 1, 8, 7, 2, 4],
      [7, 4, 2, 9, 5, 6, 8, 3, 1],
      [8, 1, 3, 2, 4, 7, 6, 9, 5],
      [1, 3, 7, 6, 2, 4, 5, 8, 9],
      [5, 9, 8, 7, 3, 1, 4, 6, 2],
      [4, 2, 6, 8, 9, 5, 1, 7, 3]
    ],
    "Trial": [0],
    "Level": ["Effortless"],
    "Shot": [0],
    "Model": {},
    "Error": {}
  },
  {
    "Id": ["14008"],
    "Question": [
      [9, 8, 2, 1, 0, 3, 7, 4, 6],
      [5, 0, 3, 0, 4, 6, 0, 9, 2],
      [4, 7, 6, 0, 0, 2, 1, 0, 3],
      [8, 3, 9, 6, 0, 5, 2, 7, 4],
      [1, 0, 5, 2, 7, 4, 3, 8, 9],
      [7, 2, 4, 3, 8, 9, 6, 0, 5],
      [2, 9, 7, 0, 3, 8, 4, 6, 1],
      [6, 4, 1, 0, 2, 7, 5, 3, 8],
      [3, 5, 8, 0, 6, 1, 9, 2, 0]
    ],
    "Answer": [
      [9, 8, 2, 1, 5, 3, 7, 4, 6],
      [5, 1, 3, 7, 4, 6, 8, 9, 2],
      [4, 7, 6, 8, 9, 2, 1, 5, 3],
      [8, 3, 9, 6, 1, 5, 2, 7, 4],
      [1, 6, 5, 2, 7, 4, 3, 8, 9],
      [7, 2, 4, 3, 8, 9, 6, 1, 5],
      [2, 9, 7, 5, 3, 8, 4, 6, 1],
      [6, 4, 1, 9, 2, 7, 5, 3, 8],
      [3, 5, 8, 4, 6, 1, 9, 2, 7]
    ],
    "Trial": [0],
    "Level": ["Effortless"],
    "Shot": [0],
    "Model": {},
    "Error": {}
  },
  {
    "Id": ["14009"],
    "Question": [
      [5, 6, 3, 1, 2, 9, 7, 4, 8],
      [9, 2, 1, 4, 0, 7, 5, 0, 6],
      [0, 0, 4, 3, 6, 5, 9, 0, 0],
      [4, 9, 2, 0, 7, 3, 1, 6, 5],
      [3, 0, 8, 6, 5, 1, 4, 2, 9],
      [1, 5, 0, 0, 9, 4, 3, 8, 7],
      [2, 1, 5, 9, 4, 8, 0, 7, 3],
      [6, 3, 7, 5, 0, 2, 8, 0, 4],
      [8, 4, 9, 0, 3, 6, 2, 5, 1]
    ],
    "Answer": [
      [5, 6, 3, 1, 2, 9, 7, 4, 8],
      [9, 2, 1, 4, 8, 7, 5, 3, 6],
      [7, 8, 4, 3, 6, 5, 9, 1, 2],
      [4, 9, 2, 8, 7, 3, 1, 6, 5],
      [3, 7, 8, 6, 5, 1, 4, 2, 9],
      [1, 5, 6, 2, 9, 4, 3, 8, 7],
      [2, 1, 5, 9, 4, 8, 6, 7, 3],
      [6, 3, 7, 5, 1, 2, 8, 9, 4],
      [8, 4, 9, 7, 3, 6, 2, 5, 1]
    ],
    "Trial": [0],
    "Level": ["Effortless"],
    "Shot": [0],
    "Model": {},
    "Error": {}
  },
  {
    "Id": ["14010"],
    "Question": [
      [8, 1, 9, 3, 7, 5, 6, 4, 0],
      [7, 3, 5, 0, 4, 6, 9, 8, 1],
      [4, 2, 6, 0, 8, 9, 0, 7, 0],
      [3, 6, 7, 9, 2, 4, 8, 0, 5],
      [2, 9, 4, 5, 1, 0, 7, 3, 6],
      [0, 5, 0, 6, 3, 0, 4, 2, 9],
      [9, 8, 2, 7, 0, 1, 3, 6, 4],
      [5, 7, 1, 4, 6, 3, 2, 9, 0],
      [0, 4, 3, 8, 9, 2, 1, 0, 7]
    ],
    "Answer": [
      [8, 1, 9, 3, 7, 5, 6, 4, 2],
      [7, 3, 5, 2, 4, 6, 9, 8, 1],
      [4, 2, 6, 1, 8, 9, 5, 7, 3],
      [3, 6, 7, 9, 2, 4, 8, 1, 5],
      [2, 9, 4, 5, 1, 8, 7, 3, 6],
      [1, 5, 8, 6, 3, 7, 4, 2, 9],
      [9, 8, 2, 7, 5, 1, 3, 6, 4],
      [5, 7, 1, 4, 6, 3, 2, 9, 8],
      [6, 4, 3, 8, 9, 2, 1, 5, 7]
    ],
    "Trial": [0],
    "Level": ["Effortless"],
    "Shot": [0],
    "Model": {},
    "Error": {}
  },
  {
    "Id": ["15001"],
    "Question": [
      [0, 4, 7, 2, 6, 1, 3, 8, 5],
      [1, 2, 6, 8, 5, 3, 9, 4, 7],
      [3, 8, 5, 0, 7, 9, 1, 2, 6],
      [0, 0, 4, 1, 2, 7, 6, 0, 8],
      [0, 1, 2, 0, 8, 6, 0, 0, 4],
      [0, 3, 8, 9, 4, 0, 7, 0, 2],
      [2, 6, 3, 5, 9, 8, 0, 7, 1],
      [4, 7, 1, 0, 3, 2, 0, 5, 9],
      [8, 5, 9, 7, 1, 4, 2, 6, 3]
    ],
    "Answer": [
      [9, 4, 7, 2, 6, 1, 3, 8, 5],
      [1, 2, 6, 8, 5, 3, 9, 4, 7],
      [3, 8, 5, 4, 7, 9, 1, 2, 6],
      [5, 9, 4, 1, 2, 7, 6, 3, 8],
      [7, 1, 2, 3, 8, 6, 5, 9, 4],
      [6, 3, 8, 9, 4, 5, 7, 1, 2],
      [2, 6, 3, 5, 9, 8, 4, 7, 1],
      [4, 7, 1, 6, 3, 2, 8, 5, 9],
      [8, 5, 9, 7, 1, 4, 2, 6, 3]
    ],
    "Trial": [0],
    "Level": ["Effortless"],
    "Shot": [0],
    "Model": {},
    "Error": {}
  },
  {
    "Id": ["15002"],
    "Question": [
      [0, 7, 0, 2, 0, 9, 8, 1, 6],
      [9, 2, 4, 0, 0, 6, 5, 7, 3],
      [6, 1, 8, 7, 5, 3, 0, 0, 9],
      [2, 5, 3, 4, 9, 1, 6, 0, 7],
      [1, 0, 0, 8, 6, 7, 3, 0, 2],
      [7, 8, 6, 5, 3, 2, 9, 4, 1],
      [8, 9, 1, 6, 7, 5, 2, 3, 0],
      [4, 3, 2, 9, 1, 0, 7, 6, 5],
      [0, 6, 7, 3, 0, 4, 1, 9, 8]
    ],
    "Answer": [
      [3, 7, 5, 2, 4, 9, 8, 1, 6],
      [9, 2, 4, 1, 8, 6, 5, 7, 3],
      [6, 1, 8, 7, 5, 3, 4, 2, 9],
      [2, 5, 3, 4, 9, 1, 6, 8, 7],
      [1, 4, 9, 8, 6, 7, 3, 5, 2],
      [7, 8, 6, 5, 3, 2, 9, 4, 1],
      [8, 9, 1, 6, 7, 5, 2, 3, 4],
      [4, 3, 2, 9, 1, 8, 7, 6, 5],
      [5, 6, 7, 3, 2, 4, 1, 9, 8]
    ],
    "Trial": [0],
    "Level": ["Effortless"],
    "Shot": [0],
    "Model": {},
    "Error": {}
  },
  {
    "Id": ["15003"],
    "Question": [
      [1, 9, 0, 4, 2, 5, 6, 8, 0],
      [2, 4, 0, 6, 8, 7, 9, 1, 3],
      [8, 6, 7, 9, 1, 3, 4, 2, 5],
      [3, 1, 6, 2, 5, 0, 8, 7, 4],
      [7, 0, 4, 1, 3, 6, 2, 0, 0],
      [5, 2, 9, 8, 0, 4, 1, 0, 6],
      [0, 7, 2, 3, 6, 8, 0, 9, 1],
      [9, 0, 1, 7, 4, 2, 3, 6, 8],
      [0, 3, 8, 5, 0, 0, 7, 4, 2]
    ],
    "Answer": [
      [1, 9, 3, 4, 2, 5, 6, 8, 7],
      [2, 4, 5, 6, 8, 7, 9, 1, 3],
      [8, 6, 7, 9, 1, 3, 4, 2, 5],
      [3, 1, 6, 2, 5, 9, 8, 7, 4],
      [7, 8, 4, 1, 3, 6, 2, 5, 9],
      [5, 2, 9, 8, 7, 4, 1, 3, 6],
      [4, 7, 2, 3, 6, 8, 5, 9, 1],
      [9, 5, 1, 7, 4, 2, 3, 6, 8],
      [6, 3, 8, 5, 9, 1, 7, 4, 2]
    ],
    "Trial": [0],
    "Level": ["Effortless"],
    "Shot": [0],
    "Model": {},
    "Error": {}
  },
  {
    "Id": ["15004"],
    "Question": [
      [2, 5, 0, 3, 8, 9, 0, 6, 0],
      [8, 9, 3, 4, 7, 6, 1, 5, 2],
      [7, 6, 4, 1, 2, 5, 0, 0, 8],
      [5, 3, 8, 7, 9, 4, 2, 1, 0],
      [0, 1, 2, 8, 0, 3, 7, 4, 9],
      [9, 0, 7, 0, 6, 0, 8, 3, 5],
      [4, 2, 0, 5, 1, 8, 9, 7, 0],
      [3, 7, 9, 6, 4, 2, 5, 8, 1],
      [0, 8, 5, 9, 0, 7, 6, 2, 4]
    ],
    "Answer": [
      [2, 5, 1, 3, 8, 9, 4, 6, 7],
      [8, 9, 3, 4, 7, 6, 1, 5, 2],
      [7, 6, 4, 1, 2, 5, 3, 9, 8],
      [5, 3, 8, 7, 9, 4, 2, 1, 6],
      [6, 1, 2, 8, 5, 3, 7, 4, 9],
      [9, 4, 7, 2, 6, 1, 8, 3, 5],
      [4, 2, 6, 5, 1, 8, 9, 7, 3],
      [3, 7, 9, 6, 4, 2, 5, 8, 1],
      [1, 8, 5, 9, 3, 7, 6, 2, 4]
    ],
    "Trial": [0],
    "Level": ["Effortless"],
    "Shot": [0],
    "Model": {},
    "Error": {}
  },
  {
    "Id": ["15005"],
    "Question": [
      [5, 8, 7, 4, 6, 9, 1, 2, 3],
      [1, 0, 3, 8, 5, 7, 6, 4, 9],
      [6, 4, 9, 2, 1, 3, 0, 0, 0],
      [3, 6, 0, 0, 7, 8, 9, 5, 4],
      [7, 1, 8, 5, 9, 4, 3, 6, 2],
      [9, 5, 4, 6, 3, 0, 7, 0, 8],
      [4, 7, 0, 0, 2, 6, 8, 3, 0],
      [2, 9, 6, 0, 0, 1, 4, 7, 5],
      [8, 0, 1, 7, 4, 5, 0, 9, 6]
    ],
    "Answer": [
      [5, 8, 7, 4, 6, 9, 1, 2, 3],
      [1, 2, 3, 8, 5, 7, 6, 4, 9],
      [6, 4, 9, 2, 1, 3, 5, 8, 7],
      [3, 6, 2, 1, 7, 8, 9, 5, 4],
      [7, 1, 8, 5, 9, 4, 3, 6, 2],
      [9, 5, 4, 6, 3, 2, 7, 1, 8],
      [4, 7, 5, 9, 2, 6, 8, 3, 1],
      [2, 9, 6, 3, 8, 1, 4, 7, 5],
      [8, 3, 1, 7, 4, 5, 2, 9, 6]
    ],
    "Trial": [0],
    "Level": ["Effortless"],
    "Shot": [0],
    "Model": {},
    "Error": {}
  },
  {
    "Id": ["15006"],
    "Question": [
      [0, 6, 7, 5, 0, 2, 3, 1, 8],
      [1, 3, 8, 6, 7, 4, 5, 2, 9],
      [2, 0, 9, 0, 0, 1, 6, 4, 7],
      [5, 8, 2, 7, 1, 3, 9, 6, 4],
      [6, 9, 4, 8, 2, 5, 7, 3, 0],
      [3, 0, 1, 9, 4, 0, 8, 0, 2],
      [9, 2, 6, 0, 0, 8, 4, 7, 3],
      [8, 1, 0, 0, 3, 7, 2, 9, 6],
      [7, 4, 3, 0, 6, 0, 1, 8, 5]
    ],
    "Answer": [
      [4, 6, 7, 5, 9, 2, 3, 1, 8],
      [1, 3, 8, 6, 7, 4, 5, 2, 9],
      [2, 5, 9, 3, 8, 1, 6, 4, 7],
      [5, 8, 2, 7, 1, 3, 9, 6, 4],
      [6, 9, 4, 8, 2, 5, 7, 3, 1],
      [3, 7, 1, 9, 4, 6, 8, 5, 2],
      [9, 2, 6, 1, 5, 8, 4, 7, 3],
      [8, 1, 5, 4, 3, 7, 2, 9, 6],
      [7, 4, 3, 2, 6, 9, 1, 8, 5]
    ],
    "Trial": [0],
    "Level": ["Effortless"],
    "Shot": [0],
    "Model": {},
    "Error": {}
  },
  {
    "Id": ["15007"],
    "Question": [
      [0, 8, 1, 4, 7, 3, 2, 0, 6],
      [0, 6, 5, 0, 8, 9, 3, 4, 7],
      [3, 7, 0, 5, 6, 2, 9, 1, 8],
      [6, 5, 9, 3, 1, 8, 0, 2, 4],
      [0, 4, 0, 9, 5, 6, 0, 3, 0],
      [8, 1, 3, 2, 4, 7, 0, 9, 5],
      [1, 3, 7, 6, 2, 4, 5, 8, 9],
      [5, 9, 8, 7, 3, 1, 0, 6, 0],
      [0, 2, 6, 8, 9, 5, 1, 7, 0]
    ],
    "Answer": [
      [9, 8, 1, 4, 7, 3, 2, 5, 6],
      [2, 6, 5, 1, 8, 9, 3, 4, 7],
      [3, 7, 4, 5, 6, 2, 9, 1, 8],
      [6, 5, 9, 3, 1, 8, 7, 2, 4],
      [7, 4, 2, 9, 5, 6, 8, 3, 1],
      [8, 1, 3, 2, 4, 7, 6, 9, 5],
      [1, 3, 7, 6, 2, 4, 5, 8, 9],
      [5, 9, 8, 7, 3, 1, 4, 6, 2],
      [4, 2, 6, 8, 9, 5, 1, 7, 3]
    ],
    "Trial": [0],
    "Level": ["Effortless"],
    "Shot": [0],
    "Model": {},
    "Error": {}
  },
  {
    "Id": ["15008"],
    "Question": [
      [9, 8, 2, 1, 0, 3, 7, 4, 6],
      [5, 0, 3, 0, 4, 6, 0, 9, 2],
      [4, 7, 6, 0, 0, 2, 1, 0, 3],
      [8, 3, 9, 6, 0, 5, 2, 7, 4],
      [1, 0, 5, 2, 7, 4, 3, 8, 9],
      [7, 2, 4, 3, 8, 9, 6, 0, 5],
      [2, 9, 7, 0, 3, 8, 4, 6, 1],
      [6, 4, 1, 0, 2, 7, 0, 3, 8],
      [3, 5, 8, 0, 6, 1, 9, 2, 0]
    ],
    "Answer": [
      [9, 8, 2, 1, 5, 3, 7, 4, 6],
      [5, 1, 3, 7, 4, 6, 8, 9, 2],
      [4, 7, 6, 8, 9, 2, 1, 5, 3],
      [8, 3, 9, 6, 1, 5, 2, 7, 4],
      [1, 6, 5, 2, 7, 4, 3, 8, 9],
      [7, 2, 4, 3, 8, 9, 6, 1, 5],
      [2, 9, 7, 5, 3, 8, 4, 6, 1],
      [6, 4, 1, 9, 2, 7, 5, 3, 8],
      [3, 5, 8, 4, 6, 1, 9, 2, 7]
    ],
    "Trial": [0],
    "Level": ["Effortless"],
    "Shot": [0],
    "Model": {},
    "Error": {}
  },
  {
    "Id": ["15009"],
    "Question": [
      [5, 6, 3, 1, 2, 9, 7, 4, 8],
      [9, 2, 1, 4, 0, 7, 5, 0, 6],
      [0, 0, 4, 3, 6, 5, 9, 0, 0],
      [4, 9, 2, 0, 7, 0, 1, 6, 5],
      [3, 0, 8, 6, 5, 1, 4, 2, 9],
      [1, 5, 0, 0, 9, 4, 3, 8, 7],
      [2, 1, 5, 9, 4, 8, 0, 7, 3],
      [6, 3, 7, 5, 0, 2, 8, 0, 4],
      [8, 4, 9, 0, 3, 6, 2, 5, 1]
    ],
    "Answer": [
      [5, 6, 3, 1, 2, 9, 7, 4, 8],
      [9, 2, 1, 4, 8, 7, 5, 3, 6],
      [7, 8, 4, 3, 6, 5, 9, 1, 2],
      [4, 9, 2, 8, 7, 3, 1, 6, 5],
      [3, 7, 8, 6, 5, 1, 4, 2, 9],
      [1, 5, 6, 2, 9, 4, 3, 8, 7],
      [2, 1, 5, 9, 4, 8, 6, 7, 3],
      [6, 3, 7, 5, 1, 2, 8, 9, 4],
      [8, 4, 9, 7, 3, 6, 2, 5, 1]
    ],
    "Trial": [0],
    "Level": ["Effortless"],
    "Shot": [0],
    "Model": {},
    "Error": {}
  },
  {
    "Id": ["15010"],
    "Question": [
      [8, 1, 9, 3, 7, 0, 6, 4, 0],
      [7, 3, 5, 0, 4, 6, 9, 8, 1],
      [4, 2, 6, 0, 8, 9, 0, 7, 0],
      [3, 6, 7, 9, 2, 4, 8, 0, 5],
      [2, 9, 4, 5, 1, 0, 7, 3, 6],
      [0, 5, 0, 6, 3, 0, 4, 2, 9],
      [9, 8, 2, 7, 0, 1, 3, 6, 4],
      [5, 7, 1, 4, 6, 3, 2, 9, 0],
      [0, 4, 3, 8, 9, 2, 1, 0, 7]
    ],
    "Answer": [
      [8, 1, 9, 3, 7, 5, 6, 4, 2],
      [7, 3, 5, 2, 4, 6, 9, 8, 1],
      [4, 2, 6, 1, 8, 9, 5, 7, 3],
      [3, 6, 7, 9, 2, 4, 8, 1, 5],
      [2, 9, 4, 5, 1, 8, 7, 3, 6],
      [1, 5, 8, 6, 3, 7, 4, 2, 9],
      [9, 8, 2, 7, 5, 1, 3, 6, 4],
      [5, 7, 1, 4, 6, 3, 2, 9, 8],
      [6, 4, 3, 8, 9, 2, 1, 5, 7]
    ],
    "Trial": [0],
    "Level": ["Effortless"],
    "Shot": [0],
    "Model": {},
    "Error": {}
  },
  {
    "Id": ["16001"],
    "Question": [
      [0, 4, 7, 2, 6, 1, 3, 8, 5],
      [1, 2, 6, 8, 5, 3, 9, 4, 7],
      [3, 8, 5, 0, 7, 9, 1, 2, 6],
      [0, 0, 4, 1, 2, 7, 6, 0, 8],
      [0, 1, 2, 0, 8, 6, 0, 0, 4],
      [0, 3, 8, 0, 4, 0, 7, 0, 2],
      [2, 6, 3, 5, 9, 8, 0, 7, 1],
      [4, 7, 1, 0, 3, 2, 0, 5, 9],
      [8, 5, 9, 7, 1, 4, 2, 6, 3]
    ],
    "Answer": [
      [9, 4, 7, 2, 6, 1, 3, 8, 5],
      [1, 2, 6, 8, 5, 3, 9, 4, 7],
      [3, 8, 5, 4, 7, 9, 1, 2, 6],
      [5, 9, 4, 1, 2, 7, 6, 3, 8],
      [7, 1, 2, 3, 8, 6, 5, 9, 4],
      [6, 3, 8, 9, 4, 5, 7, 1, 2],
      [2, 6, 3, 5, 9, 8, 4, 7, 1],
      [4, 7, 1, 6, 3, 2, 8, 5, 9],
      [8, 5, 9, 7, 1, 4, 2, 6, 3]
    ],
    "Trial": [0],
    "Level": ["Effortless"],
    "Shot": [0],
    "Model": {},
    "Error": {}
  },
  {
    "Id": ["16002"],
    "Question": [
      [0, 7, 0, 2, 0, 9, 8, 1, 6],
      [9, 2, 4, 0, 0, 6, 5, 7, 3],
      [6, 1, 8, 7, 5, 3, 0, 0, 9],
      [2, 5, 3, 4, 9, 1, 6, 0, 7],
      [1, 0, 0, 8, 6, 7, 3, 0, 2],
      [7, 8, 6, 5, 3, 2, 9, 4, 1],
      [8, 9, 1, 6, 7, 5, 2, 3, 0],
      [4, 3, 0, 9, 1, 0, 7, 6, 5],
      [0, 6, 7, 3, 0, 4, 1, 9, 8]
    ],
    "Answer": [
      [3, 7, 5, 2, 4, 9, 8, 1, 6],
      [9, 2, 4, 1, 8, 6, 5, 7, 3],
      [6, 1, 8, 7, 5, 3, 4, 2, 9],
      [2, 5, 3, 4, 9, 1, 6, 8, 7],
      [1, 4, 9, 8, 6, 7, 3, 5, 2],
      [7, 8, 6, 5, 3, 2, 9, 4, 1],
      [8, 9, 1, 6, 7, 5, 2, 3, 4],
      [4, 3, 2, 9, 1, 8, 7, 6, 5],
      [5, 6, 7, 3, 2, 4, 1, 9, 8]
    ],
    "Trial": [0],
    "Level": ["Effortless"],
    "Shot": [0],
    "Model": {},
    "Error": {}
  },
  {
    "Id": ["16003"],
    "Question": [
      [1, 9, 0, 4, 2, 5, 6, 8, 0],
      [2, 4, 0, 0, 8, 7, 9, 1, 3],
      [8, 6, 7, 9, 1, 3, 4, 2, 5],
      [3, 1, 6, 2, 5, 0, 8, 7, 4],
      [7, 0, 4, 1, 3, 6, 2, 0, 0],
      [5, 2, 9, 8, 0, 4, 1, 0, 6],
      [0, 7, 2, 3, 6, 8, 0, 9, 1],
      [9, 0, 1, 7, 4, 2, 3, 6, 8],
      [0, 3, 8, 5, 0, 0, 7, 4, 2]
    ],
    "Answer": [
      [1, 9, 3, 4, 2, 5, 6, 8, 7],
      [2, 4, 5, 6, 8, 7, 9, 1, 3],
      [8, 6, 7, 9, 1, 3, 4, 2, 5],
      [3, 1, 6, 2, 5, 9, 8, 7, 4],
      [7, 8, 4, 1, 3, 6, 2, 5, 9],
      [5, 2, 9, 8, 7, 4, 1, 3, 6],
      [4, 7, 2, 3, 6, 8, 5, 9, 1],
      [9, 5, 1, 7, 4, 2, 3, 6, 8],
      [6, 3, 8, 5, 9, 1, 7, 4, 2]
    ],
    "Trial": [0],
    "Level": ["Effortless"],
    "Shot": [0],
    "Model": {},
    "Error": {}
  },
  {
    "Id": ["16004"],
    "Question": [
      [2, 5, 0, 3, 8, 9, 0, 6, 0],
      [8, 9, 3, 4, 7, 6, 1, 5, 2],
      [7, 6, 4, 1, 2, 5, 0, 0, 8],
      [5, 3, 8, 0, 9, 4, 2, 1, 0],
      [0, 1, 2, 8, 0, 3, 7, 4, 9],
      [9, 0, 7, 0, 6, 0, 8, 3, 5],
      [4, 2, 0, 5, 1, 8, 9, 7, 0],
      [3, 7, 9, 6, 4, 2, 5, 8, 1],
      [0, 8, 5, 9, 0, 7, 6, 2, 4]
    ],
    "Answer": [
      [2, 5, 1, 3, 8, 9, 4, 6, 7],
      [8, 9, 3, 4, 7, 6, 1, 5, 2],
      [7, 6, 4, 1, 2, 5, 3, 9, 8],
      [5, 3, 8, 7, 9, 4, 2, 1, 6],
      [6, 1, 2, 8, 5, 3, 7, 4, 9],
      [9, 4, 7, 2, 6, 1, 8, 3, 5],
      [4, 2, 6, 5, 1, 8, 9, 7, 3],
      [3, 7, 9, 6, 4, 2, 5, 8, 1],
      [1, 8, 5, 9, 3, 7, 6, 2, 4]
    ],
    "Trial": [0],
    "Level": ["Effortless"],
    "Shot": [0],
    "Model": {},
    "Error": {}
  },
  {
    "Id": ["16005"],
    "Question": [
      [5, 8, 7, 4, 6, 9, 1, 2, 3],
      [1, 0, 3, 8, 5, 7, 6, 4, 9],
      [6, 4, 9, 2, 1, 3, 0, 0, 0],
      [3, 6, 0, 0, 7, 8, 9, 5, 4],
      [7, 1, 8, 5, 9, 4, 3, 6, 2],
      [9, 5, 4, 6, 3, 0, 7, 0, 8],
      [4, 7, 0, 0, 2, 6, 8, 3, 0],
      [2, 9, 0, 0, 0, 1, 4, 7, 5],
      [8, 0, 1, 7, 4, 5, 0, 9, 6]
    ],
    "Answer": [
      [5, 8, 7, 4, 6, 9, 1, 2, 3],
      [1, 2, 3, 8, 5, 7, 6, 4, 9],
      [6, 4, 9, 2, 1, 3, 5, 8, 7],
      [3, 6, 2, 1, 7, 8, 9, 5, 4],
      [7, 1, 8, 5, 9, 4, 3, 6, 2],
      [9, 5, 4, 6, 3, 2, 7, 1, 8],
      [4, 7, 5, 9, 2, 6, 8, 3, 1],
      [2, 9, 6, 3, 8, 1, 4, 7, 5],
      [8, 3, 1, 7, 4, 5, 2, 9, 6]
    ],
    "Trial": [0],
    "Level": ["Effortless"],
    "Shot": [0],
    "Model": {},
    "Error": {}
  },
  {
    "Id": ["16006"],
    "Question": [
      [0, 6, 7, 5, 0, 2, 3, 1, 8],
      [1, 3, 8, 6, 7, 4, 5, 2, 9],
      [2, 0, 9, 0, 0, 1, 6, 4, 7],
      [5, 8, 2, 7, 1, 3, 9, 6, 4],
      [6, 9, 4, 8, 2, 5, 7, 3, 0],
      [3, 0, 1, 9, 4, 0, 8, 0, 2],
      [9, 2, 0, 0, 0, 8, 4, 7, 3],
      [8, 1, 0, 0, 3, 7, 2, 9, 6],
      [7, 4, 3, 0, 6, 0, 1, 8, 5]
    ],
    "Answer": [
      [4, 6, 7, 5, 9, 2, 3, 1, 8],
      [1, 3, 8, 6, 7, 4, 5, 2, 9],
      [2, 5, 9, 3, 8, 1, 6, 4, 7],
      [5, 8, 2, 7, 1, 3, 9, 6, 4],
      [6, 9, 4, 8, 2, 5, 7, 3, 1],
      [3, 7, 1, 9, 4, 6, 8, 5, 2],
      [9, 2, 6, 1, 5, 8, 4, 7, 3],
      [8, 1, 5, 4, 3, 7, 2, 9, 6],
      [7, 4, 3, 2, 6, 9, 1, 8, 5]
    ],
    "Trial": [0],
    "Level": ["Effortless"],
    "Shot": [0],
    "Model": {},
    "Error": {}
  },
  {
    "Id": ["16007"],
    "Question": [
      [0, 8, 1, 4, 7, 3, 2, 0, 6],
      [0, 6, 5, 0, 8, 9, 3, 4, 7],
      [3, 7, 0, 5, 6, 2, 9, 1, 8],
      [6, 5, 9, 3, 1, 8, 0, 2, 4],
      [0, 0, 0, 9, 5, 6, 0, 3, 0],
      [8, 1, 3, 2, 4, 7, 0, 9, 5],
      [1, 3, 7, 6, 2, 4, 5, 8, 9],
      [5, 9, 8, 7, 3, 1, 0, 6, 0],
      [0, 2, 6, 8, 9, 5, 1, 7, 0]
    ],
    "Answer": [
      [9, 8, 1, 4, 7, 3, 2, 5, 6],
      [2, 6, 5, 1, 8, 9, 3, 4, 7],
      [3, 7, 4, 5, 6, 2, 9, 1, 8],
      [6, 5, 9, 3, 1, 8, 7, 2, 4],
      [7, 4, 2, 9, 5, 6, 8, 3, 1],
      [8, 1, 3, 2, 4, 7, 6, 9, 5],
      [1, 3, 7, 6, 2, 4, 5, 8, 9],
      [5, 9, 8, 7, 3, 1, 4, 6, 2],
      [4, 2, 6, 8, 9, 5, 1, 7, 3]
    ],
    "Trial": [0],
    "Level": ["Effortless"],
    "Shot": [0],
    "Model": {},
    "Error": {}
  },
  {
    "Id": ["16008"],
    "Question": [
      [9, 8, 2, 1, 0, 3, 7, 4, 6],
      [5, 0, 3, 0, 4, 6, 0, 9, 2],
      [4, 7, 6, 0, 0, 2, 1, 0, 3],
      [8, 0, 9, 6, 0, 5, 2, 7, 4],
      [1, 0, 5, 2, 7, 4, 3, 8, 9],
      [7, 2, 4, 3, 8, 9, 6, 0, 5],
      [2, 9, 7, 0, 3, 8, 4, 6, 1],
      [6, 4, 1, 0, 2, 7, 0, 3, 8],
      [3, 5, 8, 0, 6, 1, 9, 2, 0]
    ],
    "Answer": [
      [9, 8, 2, 1, 5, 3, 7, 4, 6],
      [5, 1, 3, 7, 4, 6, 8, 9, 2],
      [4, 7, 6, 8, 9, 2, 1, 5, 3],
      [8, 3, 9, 6, 1, 5, 2, 7, 4],
      [1, 6, 5, 2, 7, 4, 3, 8, 9],
      [7, 2, 4, 3, 8, 9, 6, 1, 5],
      [2, 9, 7, 5, 3, 8, 4, 6, 1],
      [6, 4, 1, 9, 2, 7, 5, 3, 8],
      [3, 5, 8, 4, 6, 1, 9, 2, 7]
    ],
    "Trial": [0],
    "Level": ["Effortless"],
    "Shot": [0],
    "Model": {},
    "Error": {}
  },
  {
    "Id": ["16009"],
    "Question": [
      [5, 6, 3, 1, 2, 9, 7, 4, 8],
      [9, 2, 1, 4, 0, 7, 5, 0, 6],
      [0, 0, 4, 3, 6, 5, 9, 0, 0],
      [4, 9, 2, 0, 7, 0, 1, 6, 5],
      [3, 0, 8, 6, 5, 1, 4, 2, 9],
      [1, 5, 0, 0, 9, 4, 3, 8, 7],
      [2, 1, 0, 9, 4, 8, 0, 7, 3],
      [6, 3, 7, 5, 0, 2, 8, 0, 4],
      [8, 4, 9, 0, 3, 6, 2, 5, 1]
    ],
    "Answer": [
      [5, 6, 3, 1, 2, 9, 7, 4, 8],
      [9, 2, 1, 4, 8, 7, 5, 3, 6],
      [7, 8, 4, 3, 6, 5, 9, 1, 2],
      [4, 9, 2, 8, 7, 3, 1, 6, 5],
      [3, 7, 8, 6, 5, 1, 4, 2, 9],
      [1, 5, 6, 2, 9, 4, 3, 8, 7],
      [2, 1, 5, 9, 4, 8, 6, 7, 3],
      [6, 3, 7, 5, 1, 2, 8, 9, 4],
      [8, 4, 9, 7, 3, 6, 2, 5, 1]
    ],
    "Trial": [0],
    "Level": ["Effortless"],
    "Shot": [0],
    "Model": {},
    "Error": {}
  },
  {
    "Id": ["16010"],
    "Question": [
      [8, 1, 9, 3, 7, 0, 6, 4, 0],
      [7, 3, 5, 0, 4, 6, 9, 8, 1],
      [4, 2, 6, 0, 8, 9, 0, 7, 0],
      [3, 6, 7, 9, 2, 4, 8, 0, 5],
      [2, 9, 4, 0, 1, 0, 7, 3, 6],
      [0, 5, 0, 6, 3, 0, 4, 2, 9],
      [9, 8, 2, 7, 0, 1, 3, 6, 4],
      [5, 7, 1, 4, 6, 3, 2, 9, 0],
      [0, 4, 3, 8, 9, 2, 1, 0, 7]
    ],
    "Answer": [
      [8, 1, 9, 3, 7, 5, 6, 4, 2],
      [7, 3, 5, 2, 4, 6, 9, 8, 1],
      [4, 2, 6, 1, 8, 9, 5, 7, 3],
      [3, 6, 7, 9, 2, 4, 8, 1, 5],
      [2, 9, 4, 5, 1, 8, 7, 3, 6],
      [1, 5, 8, 6, 3, 7, 4, 2, 9],
      [9, 8, 2, 7, 5, 1, 3, 6, 4],
      [5, 7, 1, 4, 6, 3, 2, 9, 8],
      [6, 4, 3, 8, 9, 2, 1, 5, 7]
    ],
    "Trial": [0],
    "Level": ["Effortless"],
    "Shot": [0],
    "Model": {},
    "Error": {}
  },
  {
    "Id": ["17001"],
    "Question": [
      [0, 4, 7, 2, 6, 1, 3, 8, 5],
      [1, 2, 6, 8, 5, 3, 9, 4, 7],
      [3, 8, 5, 0, 7, 9, 1, 2, 6],
      [0, 0, 4, 1, 2, 7, 6, 0, 8],
      [0, 1, 2, 0, 8, 6, 0, 0, 4],
      [0, 3, 8, 0, 4, 0, 7, 0, 2],
      [2, 6, 3, 5, 9, 0, 0, 7, 1],
      [4, 7, 1, 0, 3, 2, 0, 5, 9],
      [8, 5, 9, 7, 1, 4, 2, 6, 3]
    ],
    "Answer": [
      [9, 4, 7, 2, 6, 1, 3, 8, 5],
      [1, 2, 6, 8, 5, 3, 9, 4, 7],
      [3, 8, 5, 4, 7, 9, 1, 2, 6],
      [5, 9, 4, 1, 2, 7, 6, 3, 8],
      [7, 1, 2, 3, 8, 6, 5, 9, 4],
      [6, 3, 8, 9, 4, 5, 7, 1, 2],
      [2, 6, 3, 5, 9, 8, 4, 7, 1],
      [4, 7, 1, 6, 3, 2, 8, 5, 9],
      [8, 5, 9, 7, 1, 4, 2, 6, 3]
    ],
    "Trial": [0],
    "Level": ["Effortless"],
    "Shot": [0],
    "Model": {},
    "Error": {}
  },
  {
    "Id": ["17002"],
    "Question": [
      [0, 7, 0, 2, 0, 9, 8, 1, 6],
      [9, 2, 4, 0, 0, 6, 5, 7, 3],
      [6, 1, 8, 7, 5, 3, 0, 0, 9],
      [2, 5, 3, 4, 9, 1, 6, 0, 7],
      [1, 0, 0, 8, 6, 7, 3, 0, 2],
      [7, 8, 6, 5, 3, 2, 9, 4, 1],
      [8, 9, 1, 0, 7, 5, 2, 3, 0],
      [4, 3, 0, 9, 1, 0, 7, 6, 5],
      [0, 6, 7, 3, 0, 4, 1, 9, 8]
    ],
    "Answer": [
      [3, 7, 5, 2, 4, 9, 8, 1, 6],
      [9, 2, 4, 1, 8, 6, 5, 7, 3],
      [6, 1, 8, 7, 5, 3, 4, 2, 9],
      [2, 5, 3, 4, 9, 1, 6, 8, 7],
      [1, 4, 9, 8, 6, 7, 3, 5, 2],
      [7, 8, 6, 5, 3, 2, 9, 4, 1],
      [8, 9, 1, 6, 7, 5, 2, 3, 4],
      [4, 3, 2, 9, 1, 8, 7, 6, 5],
      [5, 6, 7, 3, 2, 4, 1, 9, 8]
    ],
    "Trial": [0],
    "Level": ["Effortless"],
    "Shot": [0],
    "Model": {},
    "Error": {}
  },
  {
    "Id": ["17003"],
    "Question": [
      [1, 9, 0, 4, 2, 5, 6, 8, 0],
      [2, 4, 0, 0, 8, 7, 9, 1, 3],
      [8, 6, 7, 9, 1, 3, 4, 2, 5],
      [3, 1, 6, 2, 5, 0, 8, 7, 4],
      [7, 0, 4, 1, 3, 6, 2, 0, 0],
      [5, 2, 9, 8, 0, 4, 1, 0, 6],
      [0, 7, 2, 3, 6, 8, 0, 9, 1],
      [9, 0, 1, 7, 4, 2, 3, 6, 8],
      [0, 3, 8, 5, 0, 0, 7, 4, 0]
    ],
    "Answer": [
      [1, 9, 3, 4, 2, 5, 6, 8, 7],
      [2, 4, 5, 6, 8, 7, 9, 1, 3],
      [8, 6, 7, 9, 1, 3, 4, 2, 5],
      [3, 1, 6, 2, 5, 9, 8, 7, 4],
      [7, 8, 4, 1, 3, 6, 2, 5, 9],
      [5, 2, 9, 8, 7, 4, 1, 3, 6],
      [4, 7, 2, 3, 6, 8, 5, 9, 1],
      [9, 5, 1, 7, 4, 2, 3, 6, 8],
      [6, 3, 8, 5, 9, 1, 7, 4, 2]
    ],
    "Trial": [0],
    "Level": ["Effortless"],
    "Shot": [0],
    "Model": {},
    "Error": {}
  },
  {
    "Id": ["17004"],
    "Question": [
      [2, 5, 0, 3, 8, 9, 0, 6, 0],
      [0, 9, 3, 4, 7, 6, 1, 5, 2],
      [7, 6, 4, 1, 2, 5, 0, 0, 8],
      [5, 3, 8, 0, 9, 4, 2, 1, 0],
      [0, 1, 2, 8, 0, 3, 7, 4, 9],
      [9, 0, 7, 0, 6, 0, 8, 3, 5],
      [4, 2, 0, 5, 1, 8, 9, 7, 0],
      [3, 7, 9, 6, 4, 2, 5, 8, 1],
      [0, 8, 5, 9, 0, 7, 6, 2, 4]
    ],
    "Answer": [
      [2, 5, 1, 3, 8, 9, 4, 6, 7],
      [8, 9, 3, 4, 7, 6, 1, 5, 2],
      [7, 6, 4, 1, 2, 5, 3, 9, 8],
      [5, 3, 8, 7, 9, 4, 2, 1, 6],
      [6, 1, 2, 8, 5, 3, 7, 4, 9],
      [9, 4, 7, 2, 6, 1, 8, 3, 5],
      [4, 2, 6, 5, 1, 8, 9, 7, 3],
      [3, 7, 9, 6, 4, 2, 5, 8, 1],
      [1, 8, 5, 9, 3, 7, 6, 2, 4]
    ],
    "Trial": [0],
    "Level": ["Effortless"],
    "Shot": [0],
    "Model": {},
    "Error": {}
  },
  {
    "Id": ["17005"],
    "Question": [
      [5, 8, 7, 4, 6, 9, 1, 2, 3],
      [1, 0, 3, 8, 5, 7, 6, 4, 9],
      [6, 4, 9, 2, 1, 3, 0, 0, 0],
      [3, 6, 0, 0, 0, 8, 9, 5, 4],
      [7, 1, 8, 5, 9, 4, 3, 6, 2],
      [9, 5, 4, 6, 3, 0, 7, 0, 8],
      [4, 7, 0, 0, 2, 6, 8, 3, 0],
      [2, 9, 0, 0, 0, 1, 4, 7, 5],
      [8, 0, 1, 7, 4, 5, 0, 9, 6]
    ],
    "Answer": [
      [5, 8, 7, 4, 6, 9, 1, 2, 3],
      [1, 2, 3, 8, 5, 7, 6, 4, 9],
      [6, 4, 9, 2, 1, 3, 5, 8, 7],
      [3, 6, 2, 1, 7, 8, 9, 5, 4],
      [7, 1, 8, 5, 9, 4, 3, 6, 2],
      [9, 5, 4, 6, 3, 2, 7, 1, 8],
      [4, 7, 5, 9, 2, 6, 8, 3, 1],
      [2, 9, 6, 3, 8, 1, 4, 7, 5],
      [8, 3, 1, 7, 4, 5, 2, 9, 6]
    ],
    "Trial": [0],
    "Level": ["Effortless"],
    "Shot": [0],
    "Model": {},
    "Error": {}
  },
  {
    "Id": ["17006"],
    "Question": [
      [0, 6, 7, 5, 0, 2, 3, 1, 8],
      [1, 3, 8, 6, 7, 4, 5, 2, 9],
      [2, 0, 9, 0, 0, 1, 6, 4, 7],
      [5, 8, 2, 7, 1, 3, 9, 6, 4],
      [6, 9, 4, 8, 2, 5, 7, 3, 0],
      [3, 0, 1, 9, 4, 0, 8, 0, 2],
      [9, 2, 0, 0, 0, 8, 4, 0, 3],
      [8, 1, 0, 0, 3, 7, 2, 9, 6],
      [7, 4, 3, 0, 6, 0, 1, 8, 5]
    ],
    "Answer": [
      [4, 6, 7, 5, 9, 2, 3, 1, 8],
      [1, 3, 8, 6, 7, 4, 5, 2, 9],
      [2, 5, 9, 3, 8, 1, 6, 4, 7],
      [5, 8, 2, 7, 1, 3, 9, 6, 4],
      [6, 9, 4, 8, 2, 5, 7, 3, 1],
      [3, 7, 1, 9, 4, 6, 8, 5, 2],
      [9, 2, 6, 1, 5, 8, 4, 7, 3],
      [8, 1, 5, 4, 3, 7, 2, 9, 6],
      [7, 4, 3, 2, 6, 9, 1, 8, 5]
    ],
    "Trial": [0],
    "Level": ["Effortless"],
    "Shot": [0],
    "Model": {},
    "Error": {}
  },
  {
    "Id": ["17007"],
    "Question": [
      [0, 8, 1, 4, 7, 3, 2, 0, 6],
      [0, 6, 5, 0, 8, 9, 3, 4, 7],
      [3, 7, 0, 5, 6, 2, 9, 1, 8],
      [6, 5, 9, 3, 1, 8, 0, 2, 4],
      [0, 0, 0, 9, 5, 6, 0, 0, 0],
      [8, 1, 3, 2, 4, 7, 0, 9, 5],
      [1, 3, 7, 6, 2, 4, 5, 8, 9],
      [5, 9, 8, 7, 3, 1, 0, 6, 0],
      [0, 2, 6, 8, 9, 5, 1, 7, 0]
    ],
    "Answer": [
      [9, 8, 1, 4, 7, 3, 2, 5, 6],
      [2, 6, 5, 1, 8, 9, 3, 4, 7],
      [3, 7, 4, 5, 6, 2, 9, 1, 8],
      [6, 5, 9, 3, 1, 8, 7, 2, 4],
      [7, 4, 2, 9, 5, 6, 8, 3, 1],
      [8, 1, 3, 2, 4, 7, 6, 9, 5],
      [1, 3, 7, 6, 2, 4, 5, 8, 9],
      [5, 9, 8, 7, 3, 1, 4, 6, 2],
      [4, 2, 6, 8, 9, 5, 1, 7, 3]
    ],
    "Trial": [0],
    "Level": ["Effortless"],
    "Shot": [0],
    "Model": {},
    "Error": {}
  },
  {
    "Id": ["17008"],
    "Question": [
      [9, 8, 2, 1, 0, 3, 7, 4, 6],
      [5, 0, 3, 0, 4, 6, 0, 9, 2],
      [4, 7, 6, 0, 0, 2, 1, 0, 3],
      [8, 0, 9, 6, 0, 5, 2, 7, 4],
      [1, 0, 5, 2, 7, 4, 3, 8, 9],
      [7, 2, 4, 3, 8, 9, 6, 0, 5],
      [2, 9, 7, 0, 3, 8, 4, 6, 1],
      [6, 4, 1, 0, 2, 7, 0, 3, 8],
      [3, 5, 8, 0, 6, 0, 9, 2, 0]
    ],
    "Answer": [
      [9, 8, 2, 1, 5, 3, 7, 4, 6],
      [5, 1, 3, 7, 4, 6, 8, 9, 2],
      [4, 7, 6, 8, 9, 2, 1, 5, 3],
      [8, 3, 9, 6, 1, 5, 2, 7, 4],
      [1, 6, 5, 2, 7, 4, 3, 8, 9],
      [7, 2, 4, 3, 8, 9, 6, 1, 5],
      [2, 9, 7, 5, 3, 8, 4, 6, 1],
      [6, 4, 1, 9, 2, 7, 5, 3, 8],
      [3, 5, 8, 4, 6, 1, 9, 2, 7]
    ],
    "Trial": [0],
    "Level": ["Effortless"],
    "Shot": [0],
    "Model": {},
    "Error": {}
  },
  {
    "Id": ["17009"],
    "Question": [
      [5, 6, 3, 1, 2, 9, 7, 4, 8],
      [9, 2, 1, 4, 0, 7, 5, 0, 6],
      [0, 0, 4, 3, 6, 5, 9, 0, 0],
      [4, 9, 2, 0, 7, 0, 1, 6, 5],
      [3, 0, 8, 6, 5, 1, 4, 2, 9],
      [1, 5, 0, 0, 9, 4, 3, 8, 7],
      [2, 1, 0, 9, 0, 8, 0, 7, 3],
      [6, 3, 7, 5, 0, 2, 8, 0, 4],
      [8, 4, 9, 0, 3, 6, 2, 5, 1]
    ],
    "Answer": [
      [5, 6, 3, 1, 2, 9, 7, 4, 8],
      [9, 2, 1, 4, 8, 7, 5, 3, 6],
      [7, 8, 4, 3, 6, 5, 9, 1, 2],
      [4, 9, 2, 8, 7, 3, 1, 6, 5],
      [3, 7, 8, 6, 5, 1, 4, 2, 9],
      [1, 5, 6, 2, 9, 4, 3, 8, 7],
      [2, 1, 5, 9, 4, 8, 6, 7, 3],
      [6, 3, 7, 5, 1, 2, 8, 9, 4],
      [8, 4, 9, 7, 3, 6, 2, 5, 1]
    ],
    "Trial": [0],
    "Level": ["Effortless"],
    "Shot": [0],
    "Model": {},
    "Error": {}
  },
  {
    "Id": ["17010"],
    "Question": [
      [8, 1, 9, 3, 7, 0, 6, 4, 0],
      [7, 3, 5, 0, 4, 6, 9, 8, 1],
      [4, 2, 6, 0, 8, 9, 0, 7, 0],
      [3, 6, 7, 9, 2, 4, 8, 0, 5],
      [2, 9, 4, 0, 1, 0, 7, 3, 6],
      [0, 5, 0, 6, 3, 0, 4, 2, 9],
      [9, 8, 2, 7, 0, 1, 3, 6, 4],
      [5, 7, 1, 0, 6, 3, 2, 9, 0],
      [0, 4, 3, 8, 9, 2, 1, 0, 7]
    ],
    "Answer": [
      [8, 1, 9, 3, 7, 5, 6, 4, 2],
      [7, 3, 5, 2, 4, 6, 9, 8, 1],
      [4, 2, 6, 1, 8, 9, 5, 7, 3],
      [3, 6, 7, 9, 2, 4, 8, 1, 5],
      [2, 9, 4, 5, 1, 8, 7, 3, 6],
      [1, 5, 8, 6, 3, 7, 4, 2, 9],
      [9, 8, 2, 7, 5, 1, 3, 6, 4],
      [5, 7, 1, 4, 6, 3, 2, 9, 8],
      [6, 4, 3, 8, 9, 2, 1, 5, 7]
    ],
    "Trial": [0],
    "Level": ["Effortless"],
    "Shot": [0],
    "Model": {},
    "Error": {}
  },
  {
    "Id": ["18001"],
    "Question": [
      [0, 4, 7, 2, 6, 1, 3, 8, 5],
      [1, 2, 6, 8, 5, 3, 9, 4, 7],
      [3, 8, 5, 0, 7, 9, 1, 2, 6],
      [0, 0, 4, 1, 2, 7, 6, 0, 8],
      [0, 1, 2, 0, 8, 6, 0, 0, 4],
      [0, 3, 8, 0, 0, 0, 7, 0, 2],
      [2, 6, 3, 5, 9, 0, 0, 7, 1],
      [4, 7, 1, 0, 3, 2, 0, 5, 9],
      [8, 5, 9, 7, 1, 4, 2, 6, 3]
    ],
    "Answer": [
      [9, 4, 7, 2, 6, 1, 3, 8, 5],
      [1, 2, 6, 8, 5, 3, 9, 4, 7],
      [3, 8, 5, 4, 7, 9, 1, 2, 6],
      [5, 9, 4, 1, 2, 7, 6, 3, 8],
      [7, 1, 2, 3, 8, 6, 5, 9, 4],
      [6, 3, 8, 9, 4, 5, 7, 1, 2],
      [2, 6, 3, 5, 9, 8, 4, 7, 1],
      [4, 7, 1, 6, 3, 2, 8, 5, 9],
      [8, 5, 9, 7, 1, 4, 2, 6, 3]
    ],
    "Trial": [0],
    "Level": ["Effortless"],
    "Shot": [0],
    "Model": {},
    "Error": {}
  },
  {
    "Id": ["18002"],
    "Question": [
      [0, 7, 0, 2, 0, 9, 8, 1, 6],
      [9, 2, 4, 0, 0, 6, 5, 7, 3],
      [6, 1, 8, 7, 5, 3, 0, 0, 9],
      [2, 5, 3, 4, 9, 1, 6, 0, 7],
      [1, 0, 0, 8, 6, 7, 3, 0, 2],
      [7, 8, 6, 5, 3, 2, 9, 4, 1],
      [8, 9, 1, 0, 7, 5, 0, 3, 0],
      [4, 3, 0, 9, 1, 0, 7, 6, 5],
      [0, 6, 7, 3, 0, 4, 1, 9, 8]
    ],
    "Answer": [
      [3, 7, 5, 2, 4, 9, 8, 1, 6],
      [9, 2, 4, 1, 8, 6, 5, 7, 3],
      [6, 1, 8, 7, 5, 3, 4, 2, 9],
      [2, 5, 3, 4, 9, 1, 6, 8, 7],
      [1, 4, 9, 8, 6, 7, 3, 5, 2],
      [7, 8, 6, 5, 3, 2, 9, 4, 1],
      [8, 9, 1, 6, 7, 5, 2, 3, 4],
      [4, 3, 2, 9, 1, 8, 7, 6, 5],
      [5, 6, 7, 3, 2, 4, 1, 9, 8]
    ],
    "Trial": [0],
    "Level": ["Effortless"],
    "Shot": [0],
    "Model": {},
    "Error": {}
  },
  {
    "Id": ["18003"],
    "Question": [
      [1, 0, 0, 4, 2, 5, 6, 8, 0],
      [2, 4, 0, 0, 8, 7, 9, 1, 3],
      [8, 6, 7, 9, 1, 3, 4, 2, 5],
      [3, 1, 6, 2, 5, 0, 8, 7, 4],
      [7, 0, 4, 1, 3, 6, 2, 0, 0],
      [5, 2, 9, 8, 0, 4, 1, 0, 6],
      [0, 7, 2, 3, 6, 8, 0, 9, 1],
      [9, 0, 1, 7, 4, 2, 3, 6, 8],
      [0, 3, 8, 5, 0, 0, 7, 4, 0]
    ],
    "Answer": [
      [1, 9, 3, 4, 2, 5, 6, 8, 7],
      [2, 4, 5, 6, 8, 7, 9, 1, 3],
      [8, 6, 7, 9, 1, 3, 4, 2, 5],
      [3, 1, 6, 2, 5, 9, 8, 7, 4],
      [7, 8, 4, 1, 3, 6, 2, 5, 9],
      [5, 2, 9, 8, 7, 4, 1, 3, 6],
      [4, 7, 2, 3, 6, 8, 5, 9, 1],
      [9, 5, 1, 7, 4, 2, 3, 6, 8],
      [6, 3, 8, 5, 9, 1, 7, 4, 2]
    ],
    "Trial": [0],
    "Level": ["Effortless"],
    "Shot": [0],
    "Model": {},
    "Error": {}
  },
  {
    "Id": ["18004"],
    "Question": [
      [2, 5, 0, 3, 8, 9, 0, 6, 0],
      [0, 9, 3, 4, 7, 6, 1, 5, 2],
      [7, 6, 4, 1, 2, 5, 0, 0, 8],
      [5, 3, 8, 0, 9, 4, 2, 1, 0],
      [0, 1, 2, 8, 0, 3, 7, 4, 9],
      [9, 0, 7, 0, 6, 0, 8, 3, 5],
      [4, 2, 0, 5, 1, 8, 9, 7, 0],
      [3, 7, 9, 6, 4, 2, 5, 8, 1],
      [0, 8, 5, 9, 0, 7, 6, 2, 0]
    ],
    "Answer": [
      [2, 5, 1, 3, 8, 9, 4, 6, 7],
      [8, 9, 3, 4, 7, 6, 1, 5, 2],
      [7, 6, 4, 1, 2, 5, 3, 9, 8],
      [5, 3, 8, 7, 9, 4, 2, 1, 6],
      [6, 1, 2, 8, 5, 3, 7, 4, 9],
      [9, 4, 7, 2, 6, 1, 8, 3, 5],
      [4, 2, 6, 5, 1, 8, 9, 7, 3],
      [3, 7, 9, 6, 4, 2, 5, 8, 1],
      [1, 8, 5, 9, 3, 7, 6, 2, 4]
    ],
    "Trial": [0],
    "Level": ["Effortless"],
    "Shot": [0],
    "Model": {},
    "Error": {}
  },
  {
    "Id": ["18005"],
    "Question": [
      [5, 8, 7, 4, 6, 9, 1, 2, 3],
      [1, 0, 3, 8, 5, 7, 6, 4, 9],
      [6, 4, 9, 2, 1, 3, 0, 0, 0],
      [3, 6, 0, 0, 0, 8, 9, 5, 4],
      [7, 0, 8, 5, 9, 4, 3, 6, 2],
      [9, 5, 4, 6, 3, 0, 7, 0, 8],
      [4, 7, 0, 0, 2, 6, 8, 3, 0],
      [2, 9, 0, 0, 0, 1, 4, 7, 5],
      [8, 0, 1, 7, 4, 5, 0, 9, 6]
    ],
    "Answer": [
      [5, 8, 7, 4, 6, 9, 1, 2, 3],
      [1, 2, 3, 8, 5, 7, 6, 4, 9],
      [6, 4, 9, 2, 1, 3, 5, 8, 7],
      [3, 6, 2, 1, 7, 8, 9, 5, 4],
      [7, 1, 8, 5, 9, 4, 3, 6, 2],
      [9, 5, 4, 6, 3, 2, 7, 1, 8],
      [4, 7, 5, 9, 2, 6, 8, 3, 1],
      [2, 9, 6, 3, 8, 1, 4, 7, 5],
      [8, 3, 1, 7, 4, 5, 2, 9, 6]
    ],
    "Trial": [0],
    "Level": ["Effortless"],
    "Shot": [0],
    "Model": {},
    "Error": {}
  },
  {
    "Id": ["18006"],
    "Question": [
      [0, 6, 7, 5, 0, 2, 3, 1, 8],
      [1, 3, 8, 6, 7, 4, 5, 2, 9],
      [2, 0, 9, 0, 0, 1, 6, 4, 7],
      [5, 8, 2, 7, 1, 3, 9, 6, 4],
      [6, 9, 4, 8, 2, 5, 7, 3, 0],
      [3, 0, 1, 9, 4, 0, 8, 0, 2],
      [9, 2, 0, 0, 0, 8, 4, 0, 0],
      [8, 1, 0, 0, 3, 7, 2, 9, 6],
      [7, 4, 3, 0, 6, 0, 1, 8, 5]
    ],
    "Answer": [
      [4, 6, 7, 5, 9, 2, 3, 1, 8],
      [1, 3, 8, 6, 7, 4, 5, 2, 9],
      [2, 5, 9, 3, 8, 1, 6, 4, 7],
      [5, 8, 2, 7, 1, 3, 9, 6, 4],
      [6, 9, 4, 8, 2, 5, 7, 3, 1],
      [3, 7, 1, 9, 4, 6, 8, 5, 2],
      [9, 2, 6, 1, 5, 8, 4, 7, 3],
      [8, 1, 5, 4, 3, 7, 2, 9, 6],
      [7, 4, 3, 2, 6, 9, 1, 8, 5]
    ],
    "Trial": [0],
    "Level": ["Effortless"],
    "Shot": [0],
    "Model": {},
    "Error": {}
  },
  {
    "Id": ["18007"],
    "Question": [
      [0, 8, 1, 4, 7, 3, 2, 0, 6],
      [0, 6, 5, 0, 0, 9, 3, 4, 7],
      [3, 7, 0, 5, 6, 2, 9, 1, 8],
      [6, 5, 9, 3, 1, 8, 0, 2, 4],
      [0, 0, 0, 9, 5, 6, 0, 0, 0],
      [8, 1, 3, 2, 4, 7, 0, 9, 5],
      [1, 3, 7, 6, 2, 4, 5, 8, 9],
      [5, 9, 8, 7, 3, 1, 0, 6, 0],
      [0, 2, 6, 8, 9, 5, 1, 7, 0]
    ],
    "Answer": [
      [9, 8, 1, 4, 7, 3, 2, 5, 6],
      [2, 6, 5, 1, 8, 9, 3, 4, 7],
      [3, 7, 4, 5, 6, 2, 9, 1, 8],
      [6, 5, 9, 3, 1, 8, 7, 2, 4],
      [7, 4, 2, 9, 5, 6, 8, 3, 1],
      [8, 1, 3, 2, 4, 7, 6, 9, 5],
      [1, 3, 7, 6, 2, 4, 5, 8, 9],
      [5, 9, 8, 7, 3, 1, 4, 6, 2],
      [4, 2, 6, 8, 9, 5, 1, 7, 3]
    ],
    "Trial": [0],
    "Level": ["Effortless"],
    "Shot": [0],
    "Model": {},
    "Error": {}
  },
  {
    "Id": ["18008"],
    "Question": [
      [9, 8, 2, 1, 0, 3, 7, 4, 6],
      [5, 0, 3, 0, 4, 6, 0, 9, 2],
      [4, 7, 6, 0, 0, 2, 1, 0, 3],
      [8, 0, 0, 6, 0, 5, 2, 7, 4],
      [1, 0, 5, 2, 7, 4, 3, 8, 9],
      [7, 2, 4, 3, 8, 9, 6, 0, 5],
      [2, 9, 7, 0, 3, 8, 4, 6, 1],
      [6, 4, 1, 0, 2, 7, 0, 3, 8],
      [3, 5, 8, 0, 6, 0, 9, 2, 0]
    ],
    "Answer": [
      [9, 8, 2, 1, 5, 3, 7, 4, 6],
      [5, 1, 3, 7, 4, 6, 8, 9, 2],
      [4, 7, 6, 8, 9, 2, 1, 5, 3],
      [8, 3, 9, 6, 1, 5, 2, 7, 4],
      [1, 6, 5, 2, 7, 4, 3, 8, 9],
      [7, 2, 4, 3, 8, 9, 6, 1, 5],
      [2, 9, 7, 5, 3, 8, 4, 6, 1],
      [6, 4, 1, 9, 2, 7, 5, 3, 8],
      [3, 5, 8, 4, 6, 1, 9, 2, 7]
    ],
    "Trial": [0],
    "Level": ["Effortless"],
    "Shot": [0],
    "Model": {},
    "Error": {}
  },
  {
    "Id": ["18009"],
    "Question": [
      [5, 6, 3, 1, 2, 9, 7, 4, 8],
      [9, 2, 1, 4, 0, 7, 5, 0, 6],
      [0, 0, 4, 3, 6, 5, 9, 0, 0],
      [4, 9, 2, 0, 7, 0, 1, 6, 5],
      [3, 0, 8, 6, 5, 1, 4, 2, 9],
      [1, 5, 0, 0, 9, 4, 3, 8, 7],
      [2, 1, 0, 9, 0, 8, 0, 7, 3],
      [6, 3, 7, 5, 0, 2, 8, 0, 4],
      [8, 4, 9, 0, 3, 6, 2, 5, 0]
    ],
    "Answer": [
      [5, 6, 3, 1, 2, 9, 7, 4, 8],
      [9, 2, 1, 4, 8, 7, 5, 3, 6],
      [7, 8, 4, 3, 6, 5, 9, 1, 2],
      [4, 9, 2, 8, 7, 3, 1, 6, 5],
      [3, 7, 8, 6, 5, 1, 4, 2, 9],
      [1, 5, 6, 2, 9, 4, 3, 8, 7],
      [2, 1, 5, 9, 4, 8, 6, 7, 3],
      [6, 3, 7, 5, 1, 2, 8, 9, 4],
      [8, 4, 9, 7, 3, 6, 2, 5, 1]
    ],
    "Trial": [0],
    "Level": ["Effortless"],
    "Shot": [0],
    "Model": {},
    "Error": {}
  },
  {
    "Id": ["18010"],
    "Question": [
      [8, 1, 9, 3, 7, 0, 6, 4, 0],
      [7, 3, 0, 0, 4, 6, 9, 8, 1],
      [4, 2, 6, 0, 8, 9, 0, 7, 0],
      [3, 6, 7, 9, 2, 4, 8, 0, 5],
      [2, 9, 4, 0, 1, 0, 7, 3, 6],
      [0, 5, 0, 6, 3, 0, 4, 2, 9],
      [9, 8, 2, 7, 0, 1, 3, 6, 4],
      [5, 7, 1, 0, 6, 3, 2, 9, 0],
      [0, 4, 3, 8, 9, 2, 1, 0, 7]
    ],
    "Answer": [
      [8, 1, 9, 3, 7, 5, 6, 4, 2],
      [7, 3, 5, 2, 4, 6, 9, 8, 1],
      [4, 2, 6, 1, 8, 9, 5, 7, 3],
      [3, 6, 7, 9, 2, 4, 8, 1, 5],
      [2, 9, 4, 5, 1, 8, 7, 3, 6],
      [1, 5, 8, 6, 3, 7, 4, 2, 9],
      [9, 8, 2, 7, 5, 1, 3, 6, 4],
      [5, 7, 1, 4, 6, 3, 2, 9, 8],
      [6, 4, 3, 8, 9, 2, 1, 5, 7]
    ],
    "Trial": [0],
    "Level": ["Effortless"],
    "Shot": [0],
    "Model": {},
    "Error": {}
  }
]
